1000 10000 1
1 196 5
1 504 10
1 629 3
1 576 3
1 508 6
1 288 0
1 971 4
1 251 4
1 694 4
1 392 7
2 797 4
2 410 6
2 965 8
2 480 2
2 573 3
2 968 7
2 839 3
2 964 3
2 473 4
2 692 2
3 825 10
3 974 5
3 110 7
3 427 6
3 478 9
3 298 2
3 773 9
3 180 3
3 973 6
3 20 3
4 303 9
4 462 5
4 302 5
4 851 4
4 383 8
4 546 0
4 583 5
4 534 10
4 927 7
4 561 4
5 879 2
5 741 3
5 174 0
5 866 3
5 659 7
5 820 10
5 90 8
5 901 10
5 676 10
5 81 8
6 46 7
6 929 4
6 584 3
6 399 -1
6 471 0
6 35 1
6 765 5
6 526 6
6 656 4
6 545 10
7 968 6
7 952 5
7 385 9
7 459 10
7 159 8
7 61 9
7 744 5
7 999 4
7 672 4
7 568 2
8 419 0
8 767 5
8 851 5
8 901 1
8 654 2
8 27 8
8 684 9
8 126 3
8 65 10
8 812 1
9 276 2
9 515 7
9 979 5
9 176 9
9 30 5
9 705 1
9 526 10
9 644 1
9 737 5
9 282 4
10 148 7
10 436 5
10 674 8
10 568 4
10 806 10
10 398 4
10 166 1
10 486 9
10 667 6
10 898 4
11 374 0
11 991 4
11 886 5
11 593 3
11 457 4
11 59 3
11 450 4
11 716 10
11 253 2
11 192 4
12 429 6
12 673 8
12 928 7
12 178 3
12 815 0
12 247 5
12 964 3
12 248 8
12 258 10
12 765 1
13 733 3
13 818 7
13 334 6
13 811 6
13 413 9
13 517 4
13 971 6
13 592 0
13 606 9
13 244 9
14 152 10
14 271 7
14 412 10
14 637 1
14 212 1
14 115 10
14 274 6
14 494 1
14 340 0
14 273 5
15 446 8
15 851 3
15 629 4
15 123 1
15 778 5
15 342 7
15 203 8
15 146 6
15 603 7
15 648 4
16 707 1
16 171 2
16 857 10
16 660 4
16 103 5
16 723 1
16 250 6
16 436 10
16 242 1
16 881 4
17 373 9
17 2 6
17 249 7
17 321 10
17 132 9
17 935 7
17 292 9
17 689 1
17 237 6
17 630 2
18 384 4
18 493 6
18 65 7
18 831 3
18 274 6
18 839 0
18 128 7
18 971 10
18 993 0
18 242 3
19 306 5
19 814 4
19 119 6
19 268 1
19 668 3
19 411 1
19 189 3
19 873 0
19 666 5
19 185 2
20 345 9
20 210 6
20 279 0
20 750 6
20 342 2
20 432 3
20 976 7
20 468 3
20 655 2
20 595 4
21 765 10
21 145 7
21 583 3
21 713 9
21 695 1
21 523 7
21 639 6
21 314 9
21 375 8
21 624 0
22 531 3
22 603 8
22 660 4
22 751 3
22 185 5
22 778 5
22 91 5
22 262 0
22 673 3
22 668 10
23 861 6
23 92 1
23 978 7
23 406 10
23 546 7
23 165 3
23 742 9
23 959 1
23 212 7
23 180 6
24 415 4
24 780 8
24 195 10
24 407 3
24 496 2
24 947 3
24 3 8
24 807 9
24 133 4
24 275 1
25 663 10
25 45 2
25 646 9
25 171 1
25 773 1
25 170 3
25 196 7
25 79 10
25 374 10
25 318 0
26 651 10
26 448 6
26 942 3
26 695 8
26 478 0
26 94 4
26 391 9
26 177 8
26 229 3
26 164 1
27 715 1
27 743 5
27 548 6
27 144 7
27 278 2
27 831 5
27 536 4
27 792 10
27 704 -1
27 882 5
28 270 2
28 624 8
28 649 9
28 185 2
28 650 3
28 194 9
28 368 9
28 112 4
28 431 10
28 830 0
29 20 10
29 910 8
29 339 7
29 792 3
29 315 7
29 132 10
29 42 7
29 800 1
29 267 6
29 179 3
30 345 5
30 779 3
30 692 10
30 392 10
30 146 3
30 944 2
30 435 5
30 829 4
30 486 2
30 174 2
31 565 8
31 90 9
31 471 10
31 433 10
31 438 6
31 566 7
31 45 6
31 98 9
31 704 5
31 435 9
32 736 2
32 468 8
32 937 6
32 873 10
32 115 4
32 545 5
32 723 3
32 986 6
32 512 6
32 781 3
33 357 5
33 564 10
33 728 5
33 836 6
33 538 6
33 128 3
33 502 7
33 374 6
33 710 0
33 140 3
34 439 1
34 778 9
34 1000 0
34 608 2
34 18 0
34 583 5
34 948 0
34 572 6
34 442 0
34 23 1
35 665 3
35 772 6
35 567 8
35 672 10
35 830 7
35 778 7
35 277 10
35 877 3
35 79 8
35 559 7
36 345 10
36 664 1
36 904 0
36 56 6
36 520 0
36 383 9
36 262 3
36 174 8
36 227 6
36 414 3
37 183 6
37 679 1
37 511 8
37 204 -1
37 380 2
37 399 0
37 964 10
37 424 1
37 804 1
37 837 0
38 799 10
38 882 8
38 157 6
38 565 0
38 138 1
38 802 7
38 490 2
38 14 8
38 706 10
38 8 1
39 659 6
39 175 1
39 651 5
39 693 3
39 339 0
39 378 7
39 361 3
39 713 7
39 858 0
39 846 5
40 690 1
40 115 2
40 681 8
40 430 4
40 836 4
40 591 2
40 569 2
40 630 8
40 576 2
40 251 3
41 158 10
41 673 2
41 876 7
41 299 1
41 442 5
41 744 6
41 948 9
41 909 6
41 80 5
41 878 10
42 580 8
42 129 1
42 15 1
42 851 6
42 73 9
42 559 9
42 102 2
42 121 9
42 863 4
42 651 5
43 146 0
43 536 7
43 484 1
43 167 7
43 354 0
43 322 0
43 195 8
43 287 1
43 672 7
43 393 7
44 627 3
44 855 4
44 520 7
44 866 1
44 630 5
44 446 7
44 180 0
44 474 4
44 360 0
44 813 1
45 102 6
45 782 5
45 967 2
45 835 5
45 423 10
45 856 2
45 151 7
45 350 0
45 219 8
45 527 4
46 8 1
46 288 0
46 870 1
46 6 0
46 992 2
46 95 0
46 646 7
46 715 9
46 915 6
46 624 2
47 14 10
47 23 5
47 894 7
47 116 1
47 745 2
47 125 5
47 462 9
47 831 7
47 424 6
47 913 8
48 213 9
48 587 2
48 440 9
48 878 1
48 484 6
48 375 0
48 833 5
48 749 6
48 492 9
48 653 6
49 614 7
49 79 10
49 531 9
49 143 1
49 817 10
49 341 8
49 611 4
49 430 3
49 55 7
49 793 6
50 16 0
50 2 6
50 602 2
50 14 3
50 170 -1
50 106 5
50 603 1
50 202 4
50 140 8
50 393 2
51 877 5
51 136 7
51 594 3
51 800 9
51 801 9
51 362 10
51 439 0
51 974 0
51 236 1
51 484 8
52 991 2
52 568 1
52 310 9
52 981 8
52 577 4
52 14 8
52 875 6
52 929 6
52 201 5
52 44 8
53 292 7
53 353 5
53 830 6
53 284 7
53 728 5
53 705 10
53 535 2
53 302 8
53 687 2
53 651 6
54 589 9
54 377 10
54 49 9
54 252 4
54 717 3
54 384 2
54 237 0
54 177 1
54 471 5
54 806 10
55 201 5
55 238 8
55 4 9
55 574 2
55 351 1
55 276 2
55 35 4
55 573 10
55 16 2
55 919 9
56 186 0
56 897 1
56 374 2
56 269 8
56 47 10
56 767 7
56 177 6
56 453 6
56 891 7
56 593 7
57 452 5
57 572 10
57 254 0
57 321 10
57 495 4
57 835 8
57 907 5
57 743 5
57 222 0
57 708 10
58 981 3
58 482 9
58 961 9
58 288 3
58 623 1
58 56 10
58 76 3
58 999 5
58 231 8
58 832 2
59 480 6
59 52 5
59 727 5
59 115 3
59 13 3
59 114 1
59 330 3
59 770 6
59 682 5
59 328 8
60 437 2
60 151 4
60 369 2
60 906 0
60 504 0
60 699 9
60 383 5
60 922 6
60 233 7
60 990 5
61 868 3
61 234 4
61 787 8
61 24 1
61 262 10
61 729 7
61 299 1
61 197 8
61 17 1
61 138 1
62 784 1
62 260 2
62 528 3
62 46 10
62 202 10
62 909 3
62 670 7
62 567 8
62 994 0
62 551 5
63 362 2
63 880 4
63 839 2
63 744 6
63 582 4
63 772 0
63 690 7
63 640 5
63 558 7
63 476 4
64 110 1
64 683 0
64 714 10
64 892 0
64 357 10
64 695 9
64 285 7
64 143 2
64 366 3
64 196 8
65 237 5
65 278 0
65 489 4
65 621 8
65 104 9
65 336 9
65 414 5
65 617 2
65 979 2
65 126 6
66 398 7
66 583 7
66 244 2
66 162 8
66 283 3
66 175 3
66 384 3
66 559 6
66 223 3
66 220 3
67 815 10
67 780 8
67 167 3
67 845 4
67 47 10
67 502 3
67 381 2
67 227 7
67 351 4
67 65 3
68 186 8
68 888 2
68 447 1
68 29 -1
68 692 7
68 503 5
68 589 1
68 574 5
68 723 10
68 153 7
69 817 4
69 269 0
69 921 0
69 288 4
69 578 3
69 826 4
69 395 5
69 763 5
69 38 9
69 812 4
70 200 1
70 328 5
70 486 4
70 437 8
70 688 2
70 546 6
70 814 2
70 542 7
70 624 1
70 888 9
71 626 4
71 931 10
71 59 10
71 471 10
71 956 0
71 480 1
71 310 4
71 585 10
71 333 2
71 662 4
72 898 4
72 356 7
72 739 9
72 599 1
72 800 1
72 434 4
72 895 2
72 474 0
72 1 9
72 19 6
73 358 9
73 31 2
73 952 2
73 783 0
73 41 9
73 617 5
73 43 9
73 690 1
73 552 6
73 874 0
74 111 9
74 153 7
74 732 9
74 182 9
74 589 0
74 433 2
74 544 1
74 324 6
74 928 4
74 299 3
75 649 7
75 983 0
75 71 7
75 655 4
75 999 5
75 797 2
75 270 1
75 764 3
75 140 10
75 773 0
76 705 4
76 412 3
76 396 0
76 817 8
76 680 10
76 781 1
76 333 4
76 314 0
76 264 5
76 23 10
77 273 8
77 780 2
77 897 4
77 730 4
77 599 9
77 880 1
77 727 5
77 430 9
77 440 5
77 499 4
78 923 9
78 499 8
78 420 7
78 452 9
78 11 6
78 70 10
78 702 2
78 164 1
78 362 5
78 147 4
79 49 2
79 225 5
79 466 7
79 857 3
79 98 9
79 770 1
79 602 9
79 7 5
79 731 1
79 971 1
80 144 9
80 217 4
80 166 6
80 71 2
80 465 10
80 757 2
80 493 10
80 369 3
80 377 9
80 766 2
81 51 6
81 661 10
81 510 6
81 246 8
81 227 2
81 730 7
81 565 2
81 25 4
81 609 3
81 541 1
82 497 9
82 237 5
82 748 7
82 680 4
82 583 0
82 851 8
82 365 7
82 488 10
82 13 6
82 521 5
83 594 7
83 725 7
83 566 6
83 360 6
83 43 3
83 480 6
83 91 9
83 831 2
83 586 1
83 216 2
84 202 0
84 654 0
84 976 10
84 231 3
84 679 4
84 816 2
84 234 0
84 164 2
84 34 5
84 89 4
85 59 4
85 619 3
85 847 8
85 489 10
85 438 1
85 152 8
85 121 4
85 238 8
85 581 9
85 17 4
86 938 0
86 967 8
86 329 0
86 311 10
86 640 6
86 459 7
86 701 2
86 628 8
86 62 6
86 268 2
87 995 7
87 662 9
87 333 6
87 984 10
87 578 9
87 905 2
87 514 0
87 476 2
87 254 9
87 272 7
88 244 3
88 291 6
88 316 1
88 407 0
88 247 9
88 925 10
88 427 9
88 971 3
88 421 4
88 313 7
89 778 3
89 642 0
89 26 1
89 958 9
89 292 2
89 421 10
89 397 5
89 967 3
89 664 5
89 545 8
90 593 3
90 991 10
90 352 9
90 408 10
90 108 8
90 716 0
90 644 3
90 424 0
90 103 0
90 382 8
91 213 0
91 778 5
91 742 4
91 50 1
91 54 4
91 977 -1
91 464 0
91 508 7
91 238 8
91 447 8
92 553 10
92 679 0
92 477 3
92 386 3
92 667 0
92 729 5
92 443 4
92 643 2
92 502 2
92 575 1
93 912 2
93 41 8
93 362 4
93 543 7
93 536 0
93 61 5
93 641 5
93 200 3
93 577 0
93 552 8
94 862 0
94 534 4
94 282 8
94 857 7
94 717 3
94 890 9
94 99 10
94 189 2
94 266 5
94 610 0
95 689 10
95 678 8
95 227 7
95 191 4
95 611 3
95 334 3
95 197 9
95 863 7
95 974 6
95 924 3
96 521 6
96 386 10
96 926 2
96 615 3
96 385 1
96 987 3
96 396 4
96 907 7
96 832 4
96 885 0
97 150 6
97 463 2
97 361 1
97 325 7
97 491 3
97 615 9
97 429 7
97 659 5
97 383 9
97 404 8
98 231 7
98 878 6
98 348 8
98 573 2
98 255 1
98 342 9
98 954 1
98 156 5
98 24 6
98 974 5
99 468 3
99 930 7
99 237 10
99 509 8
99 983 8
99 612 6
99 766 7
99 181 3
99 960 10
99 860 7
100 453 5
100 723 7
100 543 4
100 322 0
100 529 10
100 307 4
100 295 3
100 518 4
100 959 8
100 324 4
101 222 7
101 491 7
101 588 10
101 117 1
101 264 3
101 344 8
101 212 7
101 775 7
101 606 9
101 792 5
102 567 8
102 679 0
102 571 -1
102 923 8
102 421 9
102 661 3
102 773 8
102 965 2
102 356 6
102 250 8
103 381 7
103 154 3
103 671 10
103 362 1
103 648 10
103 414 1
103 456 4
103 751 2
103 654 7
103 683 9
104 528 7
104 521 10
104 671 4
104 241 7
104 524 5
104 138 6
104 803 5
104 162 5
104 892 6
104 485 3
105 706 2
105 458 7
105 104 9
105 557 9
105 203 6
105 741 2
105 739 1
105 545 9
105 650 9
105 10 1
106 642 0
106 451 4
106 689 1
106 250 4
106 52 8
106 485 3
106 736 8
106 455 3
106 376 7
106 389 5
107 883 7
107 420 6
107 606 1
107 713 0
107 656 6
107 736 8
107 374 1
107 631 7
107 17 6
107 67 6
108 677 7
108 968 0
108 445 4
108 730 6
108 190 9
108 810 7
108 473 7
108 744 8
108 140 5
108 996 5
109 12 1
109 741 1
109 464 2
109 133 1
109 271 4
109 211 8
109 494 6
109 178 10
109 383 4
109 294 7
110 807 10
110 720 2
110 619 5
110 407 9
110 705 5
110 987 8
110 151 4
110 184 0
110 874 3
110 254 5
111 307 4
111 838 4
111 257 6
111 513 9
111 109 8
111 531 2
111 461 2
111 242 5
111 78 0
111 756 3
112 444 7
112 415 9
112 842 4
112 16 5
112 289 10
112 944 8
112 177 7
112 307 1
112 66 2
112 680 7
113 971 9
113 3 10
113 902 9
113 724 6
113 46 9
113 686 7
113 305 2
113 698 2
113 908 3
113 352 8
114 138 9
114 343 2
114 59 6
114 200 0
114 689 4
114 908 9
114 847 8
114 460 0
114 735 6
114 302 1
115 940 1
115 586 2
115 688 3
115 663 3
115 443 3
115 796 5
115 177 8
115 617 6
115 576 8
115 710 6
116 732 7
116 500 9
116 33 0
116 394 2
116 338 0
116 622 7
116 325 1
116 766 1
116 908 6
116 217 6
117 25 0
117 791 0
117 101 6
117 599 9
117 172 10
117 64 9
117 718 1
117 448 4
117 541 4
117 409 9
118 687 7
118 968 8
118 249 3
118 287 2
118 922 0
118 120 5
118 68 9
118 17 9
118 395 2
118 207 3
119 389 10
119 55 1
119 494 1
119 994 8
119 498 10
119 575 5
119 332 6
119 23 6
119 789 1
119 749 3
120 470 9
120 437 9
120 372 8
120 884 3
120 215 8
120 399 1
120 468 6
120 57 10
120 584 6
120 405 7
121 511 1
121 803 9
121 81 10
121 540 10
121 22 2
121 734 9
121 577 2
121 140 1
121 915 9
121 639 7
122 556 9
122 341 6
122 136 9
122 84 0
122 268 0
122 25 0
122 364 7
122 886 4
122 275 6
122 576 6
123 525 4
123 27 4
123 104 10
123 231 8
123 395 3
123 25 2
123 708 5
123 742 4
123 562 5
123 425 5
124 603 3
124 671 1
124 284 0
124 986 2
124 156 10
124 462 1
124 855 2
124 983 9
124 615 6
124 870 9
125 242 7
125 716 9
125 741 3
125 888 0
125 252 1
125 980 1
125 414 9
125 22 0
125 730 6
125 632 5
126 800 7
126 478 5
126 336 3
126 189 0
126 447 7
126 202 3
126 777 8
126 341 5
126 171 10
126 520 1
127 757 0
127 484 10
127 516 8
127 195 9
127 937 7
127 202 3
127 545 6
127 390 2
127 627 5
127 508 5
128 505 8
128 662 2
128 486 5
128 402 9
128 860 1
128 910 4
128 989 0
128 207 4
128 159 9
128 502 5
129 429 5
129 359 7
129 439 2
129 194 7
129 978 0
129 397 3
129 212 9
129 638 6
129 181 10
129 218 3
130 568 2
130 997 3
130 763 5
130 426 2
130 792 9
130 716 8
130 360 4
130 746 0
130 579 1
130 54 9
131 327 3
131 110 0
131 7 10
131 67 4
131 278 7
131 185 0
131 602 1
131 404 7
131 285 3
131 839 8
132 507 6
132 571 1
132 996 6
132 972 6
132 858 6
132 252 0
132 262 7
132 6 3
132 914 0
132 806 1
133 261 1
133 653 8
133 222 3
133 357 3
133 936 6
133 980 9
133 143 4
133 938 2
133 497 0
133 516 9
134 166 8
134 573 1
134 354 7
134 534 1
134 442 6
134 633 3
134 909 1
134 500 0
134 949 10
134 743 4
135 404 9
135 755 3
135 761 6
135 332 3
135 350 2
135 942 1
135 320 10
135 921 8
135 737 3
135 572 0
136 121 1
136 867 3
136 515 9
136 530 4
136 71 5
136 539 7
136 533 1
136 717 9
136 784 3
136 683 5
137 580 2
137 603 7
137 250 0
137 661 0
137 744 0
137 854 4
137 495 10
137 542 1
137 338 7
137 367 3
138 566 8
138 312 8
138 639 7
138 583 3
138 37 8
138 345 8
138 568 2
138 80 6
138 749 4
138 514 4
139 311 5
139 469 7
139 589 0
139 403 10
139 763 0
139 147 0
139 443 6
139 656 8
139 522 2
139 990 5
140 90 7
140 854 4
140 389 7
140 50 9
140 830 7
140 737 10
140 255 2
140 184 8
140 443 8
140 93 4
141 66 0
141 294 7
141 666 1
141 687 7
141 79 0
141 227 -1
141 630 4
141 518 10
141 322 6
141 873 9
142 496 9
142 809 10
142 782 1
142 557 6
142 936 8
142 465 3
142 915 10
142 3 4
142 837 6
142 813 3
143 443 2
143 975 2
143 653 9
143 51 -1
143 211 9
143 923 9
143 217 8
143 145 10
143 592 5
143 222 1
144 649 10
144 201 5
144 831 10
144 580 9
144 834 6
144 457 5
144 837 6
144 672 8
144 504 9
144 897 4
145 611 6
145 626 2
145 197 7
145 638 7
145 231 8
145 782 1
145 424 0
145 639 1
145 855 6
145 53 9
146 598 1
146 646 7
146 823 1
146 497 9
146 503 9
146 350 5
146 39 7
146 284 7
146 143 0
146 24 10
147 750 3
147 440 2
147 328 0
147 571 5
147 675 8
147 763 5
147 693 9
147 344 -1
147 767 2
147 773 4
148 233 6
148 573 6
148 473 8
148 85 8
148 248 4
148 763 9
148 448 0
148 584 10
148 630 2
148 334 8
149 535 1
149 135 1
149 99 10
149 665 3
149 450 5
149 92 3
149 85 1
149 927 4
149 946 7
149 62 7
150 662 7
150 799 0
150 846 5
150 386 9
150 64 7
150 444 2
150 423 6
150 264 7
150 184 8
150 825 1
151 330 3
151 891 1
151 284 7
151 968 0
151 439 6
151 429 10
151 796 10
151 98 6
151 731 5
151 933 9
152 373 9
152 381 1
152 808 0
152 649 8
152 216 1
152 114 0
152 659 7
152 58 6
152 177 5
152 718 8
153 836 8
153 573 0
153 513 5
153 911 5
153 660 10
153 939 0
153 320 7
153 453 7
153 683 6
153 803 2
154 385 9
154 53 9
154 400 7
154 300 5
154 323 5
154 343 7
154 854 6
154 384 2
154 762 1
154 887 8
155 299 4
155 149 10
155 656 3
155 227 7
155 127 3
155 174 2
155 493 2
155 797 6
155 902 0
155 589 5
156 314 6
156 294 7
156 716 0
156 548 7
156 83 6
156 819 9
156 514 0
156 689 7
156 866 7
156 534 1
157 881 8
157 597 10
157 818 1
157 996 6
157 664 8
157 243 8
157 309 -1
157 739 5
157 812 7
157 992 5
158 211 0
158 520 8
158 898 2
158 86 1
158 125 6
158 752 9
158 794 6
158 754 2
158 565 4
158 144 2
159 680 2
159 101 6
159 155 9
159 111 0
159 337 6
159 798 1
159 142 7
159 91 8
159 903 2
159 694 10
160 370 6
160 213 1
160 591 0
160 303 4
160 193 0
160 985 8
160 556 1
160 48 6
160 937 1
160 235 2
161 765 4
161 998 8
161 311 1
161 37 10
161 411 7
161 601 5
161 415 9
161 705 4
161 708 9
161 696 3
162 172 5
162 844 3
162 264 1
162 990 10
162 110 8
162 365 8
162 201 3
162 147 2
162 61 8
162 404 9
163 81 4
163 499 6
163 292 6
163 147 0
163 299 2
163 237 4
163 231 6
163 456 8
163 558 0
163 763 0
164 865 4
164 703 8
164 129 6
164 668 2
164 577 9
164 434 10
164 635 1
164 107 10
164 873 9
164 666 7
165 726 4
165 772 6
165 142 10
165 16 5
165 33 3
165 908 4
165 340 5
165 599 5
165 316 9
165 413 5
166 35 7
166 287 1
166 117 10
166 714 5
166 451 7
166 660 6
166 60 3
166 499 2
166 801 4
166 100 9
167 863 1
167 151 9
167 682 5
167 779 7
167 690 2
167 768 4
167 671 9
167 712 1
167 184 9
167 928 3
168 12 2
168 976 0
168 328 8
168 897 5
168 512 2
168 138 4
168 193 6
168 605 10
168 483 6
168 716 9
169 333 7
169 536 0
169 807 4
169 144 4
169 371 0
169 764 1
169 756 3
169 344 3
169 742 10
169 491 0
170 499 7
170 867 1
170 360 6
170 756 6
170 138 9
170 181 6
170 268 5
170 501 2
170 937 5
170 957 10
171 108 10
171 988 4
171 808 -1
171 681 6
171 292 7
171 596 4
171 303 8
171 839 7
171 145 1
171 567 7
172 95 7
172 14 0
172 485 10
172 934 8
172 748 4
172 975 3
172 930 6
172 489 3
172 891 10
172 678 5
173 729 2
173 359 4
173 179 8
173 241 1
173 840 4
173 915 7
173 239 5
173 396 6
173 147 8
173 345 5
174 583 7
174 699 8
174 652 5
174 733 10
174 984 10
174 740 7
174 526 8
174 334 7
174 510 8
174 409 2
175 23 8
175 419 8
175 176 8
175 567 9
175 714 1
175 573 7
175 609 2
175 496 10
175 912 6
175 767 4
176 833 0
176 612 9
176 908 6
176 360 3
176 848 3
176 15 4
176 762 8
176 599 10
176 498 0
176 890 9
177 855 4
177 652 6
177 735 3
177 470 0
177 886 4
177 75 2
177 791 9
177 594 10
177 37 4
177 610 4
178 386 2
178 663 6
178 629 9
178 754 1
178 71 8
178 864 1
178 14 10
178 479 5
178 101 10
178 674 2
179 541 3
179 904 6
179 789 0
179 864 0
179 155 8
179 609 5
179 502 6
179 941 6
179 821 0
179 772 6
180 715 2
180 829 2
180 137 8
180 618 10
180 811 9
180 755 1
180 996 4
180 949 1
180 524 9
180 17 8
181 637 0
181 316 8
181 462 1
181 547 7
181 902 7
181 839 5
181 696 3
181 943 7
181 793 0
181 62 5
182 232 4
182 683 5
182 55 8
182 507 2
182 333 10
182 450 3
182 489 4
182 596 3
182 151 9
182 206 8
183 808 8
183 82 8
183 156 10
183 415 9
183 402 6
183 694 8
183 681 4
183 247 0
183 133 4
183 408 6
184 259 6
184 540 7
184 747 0
184 659 9
184 610 10
184 487 9
184 257 1
184 784 4
184 883 6
184 342 10
185 179 0
185 295 2
185 890 4
185 372 8
185 856 1
185 101 10
185 737 10
185 122 7
185 707 6
185 813 3
186 1000 4
186 169 6
186 65 6
186 413 7
186 948 3
186 86 4
186 985 3
186 668 6
186 939 3
186 547 0
187 70 4
187 733 7
187 261 7
187 431 9
187 675 5
187 802 10
187 188 9
187 921 8
187 734 3
187 119 9
188 948 8
188 960 2
188 381 1
188 257 3
188 299 5
188 643 5
188 844 10
188 124 9
188 320 2
188 201 7
189 566 2
189 970 9
189 661 9
189 889 9
189 197 6
189 339 0
189 124 10
189 299 0
189 671 8
189 973 6
190 285 5
190 419 3
190 721 0
190 864 7
190 150 1
190 146 8
190 416 2
190 631 4
190 393 7
190 235 8
191 19 2
191 763 9
191 751 2
191 685 9
191 168 10
191 308 9
191 392 8
191 731 2
191 711 9
191 282 5
192 49 7
192 987 8
192 6 0
192 189 9
192 743 3
192 288 4
192 168 6
192 376 7
192 668 0
192 489 3
193 65 8
193 328 1
193 226 6
193 149 8
193 835 7
193 976 4
193 663 4
193 472 3
193 247 2
193 613 0
194 408 0
194 702 8
194 900 5
194 642 5
194 624 0
194 81 7
194 235 5
194 138 -1
194 918 5
194 795 3
195 796 5
195 945 1
195 300 8
195 413 10
195 574 10
195 900 3
195 389 2
195 771 5
195 827 1
195 277 8
196 281 0
196 883 2
196 674 1
196 589 4
196 824 8
196 756 10
196 636 1
196 141 8
196 699 8
196 118 4
197 69 9
197 805 1
197 140 6
197 59 5
197 726 1
197 409 5
197 68 2
197 936 3
197 498 8
197 388 1
198 216 3
198 424 0
198 371 6
198 63 6
198 346 1
198 656 8
198 956 10
198 179 4
198 74 8
198 818 0
199 953 1
199 360 4
199 299 7
199 707 6
199 18 3
199 889 2
199 219 6
199 770 4
199 726 1
199 325 5
200 42 5
200 142 7
200 354 7
200 489 10
200 935 0
200 802 10
200 169 4
200 556 2
200 854 3
200 764 8
201 458 10
201 977 5
201 498 1
201 12 0
201 759 6
201 54 2
201 969 6
201 434 10
201 210 3
201 876 7
202 339 8
202 762 10
202 206 9
202 210 2
202 642 9
202 60 1
202 856 2
202 80 6
202 144 0
202 115 8
203 415 2
203 772 4
203 766 1
203 979 8
203 466 10
203 442 3
203 291 4
203 738 9
203 871 10
203 480 3
204 758 4
204 612 6
204 307 4
204 989 0
204 425 0
204 619 1
204 830 4
204 162 2
204 109 6
204 371 5
205 197 7
205 961 1
205 537 10
205 966 10
205 564 2
205 606 0
205 362 1
205 366 1
205 73 6
205 861 10
206 621 10
206 318 1
206 827 10
206 618 4
206 726 4
206 129 4
206 94 9
206 19 10
206 320 5
206 703 3
207 697 1
207 630 0
207 33 6
207 874 3
207 796 10
207 157 0
207 610 4
207 32 3
207 899 7
207 461 4
208 206 7
208 151 4
208 926 8
208 672 3
208 562 9
208 840 4
208 668 2
208 679 8
208 452 0
208 579 6
209 233 2
209 389 5
209 445 1
209 206 2
209 291 0
209 435 3
209 255 5
209 684 10
209 394 4
209 656 5
210 539 7
210 685 0
210 486 2
210 722 0
210 777 4
210 723 0
210 852 7
210 185 2
210 494 6
210 983 10
211 595 7
211 127 6
211 701 7
211 168 7
211 40 0
211 320 10
211 441 5
211 582 0
211 139 0
211 58 2
212 553 5
212 801 6
212 409 5
212 683 6
212 308 7
212 494 3
212 570 0
212 141 5
212 988 4
212 434 8
213 580 6
213 465 7
213 471 1
213 227 8
213 486 6
213 488 3
213 987 0
213 16 0
213 323 5
213 306 4
214 797 6
214 810 10
214 991 4
214 889 4
214 487 10
214 511 4
214 701 8
214 646 1
214 201 2
214 44 10
215 315 8
215 622 5
215 637 0
215 221 5
215 371 2
215 359 7
215 99 3
215 284 1
215 306 3
215 246 4
216 195 4
216 415 8
216 353 10
216 689 2
216 646 8
216 505 3
216 888 1
216 609 0
216 613 10
216 893 3
217 988 0
217 357 4
217 900 2
217 842 2
217 382 0
217 934 5
217 347 7
217 356 1
217 219 5
217 213 8
218 773 9
218 594 10
218 642 5
218 50 5
218 606 6
218 81 2
218 692 0
218 92 10
218 976 5
218 864 10
219 30 5
219 153 7
219 12 2
219 304 6
219 847 7
219 140 5
219 16 6
219 85 8
219 410 6
219 874 7
220 69 4
220 673 3
220 759 3
220 745 2
220 44 3
220 399 4
220 626 1
220 109 1
220 426 5
220 209 1
221 497 2
221 863 2
221 117 5
221 909 9
221 21 8
221 822 0
221 834 10
221 109 2
221 259 9
221 208 6
222 570 8
222 669 6
222 696 4
222 299 2
222 361 10
222 163 3
222 716 5
222 554 10
222 87 4
222 28 4
223 733 1
223 428 2
223 370 6
223 527 0
223 256 10
223 469 2
223 73 9
223 309 0
223 168 7
223 718 3
224 810 1
224 133 9
224 333 4
224 756 8
224 980 4
224 698 8
224 247 5
224 521 0
224 25 8
224 689 0
225 617 0
225 827 7
225 113 1
225 912 1
225 460 9
225 971 1
225 551 0
225 649 3
225 154 6
225 748 2
226 506 2
226 913 4
226 143 10
226 635 2
226 512 2
226 303 7
226 405 5
226 123 5
226 603 7
226 75 2
227 942 9
227 880 3
227 677 9
227 301 6
227 392 10
227 803 8
227 278 7
227 504 0
227 800 2
227 574 1
228 82 4
228 191 10
228 120 4
228 960 3
228 997 10
228 379 8
228 1 3
228 491 1
228 151 7
228 214 10
229 472 6
229 338 2
229 893 1
229 812 6
229 608 5
229 369 4
229 10 4
229 666 5
229 835 8
229 574 6
230 217 8
230 137 0
230 560 0
230 380 3
230 647 10
230 929 1
230 205 3
230 501 6
230 143 2
230 613 8
231 905 9
231 498 6
231 501 0
231 347 3
231 795 3
231 611 8
231 610 9
231 865 0
231 367 5
231 161 5
232 874 1
232 245 1
232 155 3
232 403 8
232 660 4
232 382 7
232 972 5
232 226 3
232 407 3
232 271 2
233 11 9
233 456 8
233 495 4
233 964 6
233 174 0
233 974 8
233 688 3
233 344 6
233 324 1
233 499 4
234 321 7
234 326 3
234 543 4
234 180 10
234 655 6
234 110 6
234 244 5
234 116 7
234 999 1
234 838 3
235 933 3
235 279 1
235 392 0
235 225 9
235 967 10
235 482 7
235 278 4
235 671 4
235 948 0
235 313 5
236 17 3
236 491 1
236 666 3
236 946 0
236 503 4
236 310 0
236 868 5
236 20 4
236 692 1
236 836 7
237 251 3
237 95 3
237 667 5
237 402 0
237 932 8
237 966 2
237 162 0
237 171 10
237 332 8
237 752 1
238 200 2
238 919 6
238 857 2
238 566 4
238 711 6
238 623 3
238 808 0
238 929 3
238 48 1
238 549 9
239 421 5
239 828 1
239 507 7
239 814 2
239 527 5
239 501 8
239 269 7
239 706 8
239 610 6
239 682 9
240 845 9
240 394 4
240 734 10
240 729 10
240 451 -1
240 810 6
240 247 0
240 145 5
240 212 8
240 160 4
241 708 9
241 34 8
241 735 4
241 820 5
241 536 7
241 701 10
241 757 4
241 857 4
241 312 5
241 236 8
242 124 8
242 848 6
242 130 4
242 554 6
242 237 2
242 888 1
242 6 8
242 538 1
242 419 7
242 25 3
243 7 5
243 211 9
243 803 2
243 949 0
243 878 5
243 333 3
243 975 8
243 337 5
243 493 9
243 663 7
244 421 3
244 902 4
244 171 2
244 974 7
244 826 3
244 142 8
244 333 5
244 32 5
244 365 2
244 373 6
245 323 8
245 57 10
245 635 9
245 539 10
245 612 3
245 396 9
245 852 4
245 527 8
245 384 6
245 932 7
246 687 4
246 206 8
246 312 6
246 180 9
246 894 9
246 868 1
246 414 8
246 583 7
246 664 3
246 235 8
247 686 4
247 486 9
247 187 6
247 27 1
247 302 9
247 801 4
247 976 8
247 326 2
247 615 1
247 190 4
248 805 10
248 76 5
248 969 10
248 399 7
248 428 5
248 981 6
248 960 3
248 885 5
248 810 9
248 118 3
249 997 9
249 575 1
249 360 3
249 949 1
249 850 2
249 218 8
249 482 10
249 18 10
249 408 2
249 904 7
250 754 9
250 528 0
250 760 3
250 526 1
250 736 7
250 693 1
250 913 0
250 709 2
250 941 3
250 30 8
251 846 1
251 21 8
251 396 10
251 27 1
251 617 5
251 708 10
251 383 8
251 113 4
251 319 10
251 352 4
252 202 6
252 291 10
252 944 4
252 345 2
252 420 2
252 690 3
252 328 3
252 391 9
252 573 5
252 54 0
253 953 3
253 164 6
253 539 8
253 303 2
253 424 10
253 168 5
253 311 0
253 932 9
253 568 3
253 163 10
254 429 2
254 769 0
254 58 0
254 401 5
254 13 0
254 887 2
254 917 2
254 513 4
254 646 1
254 565 0
255 769 2
255 719 7
255 679 4
255 440 4
255 363 8
255 526 3
255 961 9
255 557 0
255 179 1
255 900 9
256 818 10
256 621 10
256 877 2
256 112 3
256 33 4
256 826 3
256 82 4
256 761 1
256 337 1
256 550 3
257 639 4
257 124 4
257 18 1
257 656 9
257 787 9
257 814 8
257 658 2
257 141 2
257 512 2
257 289 1
258 8 3
258 856 1
258 264 6
258 136 9
258 407 4
258 744 7
258 349 5
258 805 3
258 755 1
258 329 0
259 642 6
259 78 6
259 566 6
259 669 2
259 731 10
259 335 2
259 130 2
259 974 4
259 186 7
259 231 8
260 436 10
260 267 6
260 838 4
260 342 5
260 860 8
260 781 3
260 477 6
260 967 8
260 859 1
260 111 6
261 364 8
261 101 8
261 352 6
261 553 6
261 481 2
261 877 0
261 862 0
261 568 1
261 345 10
261 832 5
262 321 9
262 78 2
262 905 10
262 205 2
262 113 6
262 722 8
262 682 7
262 249 7
262 575 8
262 707 5
263 565 9
263 30 7
263 655 8
263 55 6
263 18 9
263 252 0
263 184 5
263 276 9
263 104 4
263 640 7
264 619 3
264 890 9
264 912 6
264 385 8
264 133 5
264 632 0
264 364 1
264 16 0
264 209 6
264 958 4
265 7 0
265 853 8
265 16 5
265 748 8
265 441 9
265 770 2
265 402 8
265 53 5
265 665 0
265 968 6
266 819 6
266 69 2
266 322 10
266 383 5
266 679 4
266 799 9
266 329 8
266 436 0
266 52 7
266 68 0
267 760 8
267 311 1
267 8 10
267 972 0
267 720 10
267 969 3
267 888 3
267 189 9
267 520 3
267 773 6
268 955 7
268 330 9
268 31 4
268 232 2
268 277 8
268 842 0
268 450 1
268 294 10
268 442 10
268 873 4
269 925 1
269 65 4
269 972 1
269 477 7
269 930 0
269 665 4
269 699 9
269 303 0
269 980 0
269 233 5
270 19 3
270 978 8
270 887 1
270 330 3
270 910 6
270 97 9
270 21 7
270 694 5
270 291 7
270 810 4
271 722 5
271 300 9
271 970 9
271 355 2
271 658 2
271 88 6
271 106 8
271 395 9
271 124 4
271 254 10
272 731 9
272 597 0
272 609 9
272 449 8
272 578 7
272 704 9
272 612 0
272 649 0
272 527 5
272 885 4
273 1000 9
273 271 7
273 874 0
273 342 1
273 758 9
273 583 9
273 969 4
273 237 2
273 56 10
273 961 10
274 444 5
274 461 2
274 331 5
274 501 4
274 323 0
274 628 8
274 121 6
274 275 7
274 366 8
274 900 8
275 587 8
275 671 5
275 918 2
275 65 8
275 460 6
275 974 4
275 576 0
275 690 6
275 329 1
275 473 0
276 790 5
276 150 3
276 210 9
276 6 1
276 692 0
276 159 3
276 459 6
276 297 8
276 466 6
276 500 0
277 402 3
277 223 7
277 731 7
277 14 0
277 266 10
277 588 3
277 721 6
277 344 6
277 220 6
277 469 9
278 524 8
278 293 8
278 147 2
278 839 3
278 261 8
278 443 7
278 959 5
278 731 3
278 142 2
278 888 8
279 494 2
279 193 8
279 832 9
279 271 9
279 331 0
279 249 2
279 580 7
279 416 0
279 153 10
279 884 7
280 30 4
280 871 8
280 207 0
280 104 8
280 997 7
280 235 5
280 655 5
280 66 5
280 272 2
280 967 8
281 789 5
281 73 7
281 836 10
281 405 5
281 795 9
281 242 10
281 737 4
281 835 9
281 51 6
281 438 8
282 246 5
282 692 7
282 460 3
282 858 5
282 759 1
282 995 9
282 520 3
282 130 0
282 910 4
282 360 9
283 981 8
283 664 0
283 572 6
283 635 4
283 653 1
283 998 0
283 244 9
283 666 1
283 223 8
283 586 3
284 696 9
284 732 9
284 692 5
284 440 6
284 822 4
284 311 2
284 592 7
284 867 8
284 177 5
284 450 6
285 120 3
285 751 6
285 981 7
285 343 10
285 264 2
285 400 7
285 918 4
285 170 9
285 171 7
285 127 5
286 436 1
286 977 5
286 534 5
286 738 5
286 109 10
286 31 10
286 300 4
286 429 6
286 412 5
286 733 10
287 856 1
287 226 5
287 382 10
287 466 1
287 784 0
287 910 9
287 618 3
287 583 8
287 572 8
287 601 6
288 300 -1
288 226 9
288 283 1
288 924 4
288 527 7
288 168 2
288 405 0
288 512 3
288 296 10
288 145 1
289 697 9
289 378 1
289 965 7
289 449 9
289 599 5
289 375 1
289 921 2
289 871 9
289 809 1
289 401 7
290 309 6
290 581 8
290 217 9
290 131 2
290 205 0
290 158 3
290 661 2
290 452 6
290 514 10
290 708 4
291 881 0
291 522 7
291 502 0
291 962 4
291 147 5
291 854 0
291 173 2
291 29 3
291 109 1
291 733 2
292 810 3
292 605 10
292 413 1
292 717 1
292 734 8
292 401 7
292 698 7
292 226 4
292 938 9
292 343 7
293 92 2
293 269 4
293 595 3
293 84 7
293 697 10
293 169 10
293 773 3
293 838 6
293 467 5
293 766 3
294 78 5
294 870 4
294 748 9
294 199 4
294 127 8
294 871 8
294 919 7
294 823 1
294 486 10
294 358 1
295 649 0
295 778 1
295 611 3
295 335 5
295 197 2
295 51 8
295 467 0
295 47 10
295 862 7
295 502 5
296 963 4
296 565 9
296 654 2
296 384 9
296 514 1
296 76 9
296 55 2
296 428 8
296 202 4
296 142 9
297 9 3
297 476 8
297 720 5
297 134 1
297 582 8
297 429 1
297 21 10
297 466 1
297 635 0
297 733 8
298 253 0
298 63 7
298 523 6
298 970 7
298 36 1
298 154 7
298 430 0
298 997 6
298 944 5
298 482 5
299 178 5
299 33 2
299 331 2
299 475 2
299 713 3
299 252 3
299 310 7
299 777 5
299 927 8
299 974 9
300 670 2
300 927 4
300 663 7
300 288 4
300 504 6
300 956 10
300 558 2
300 134 3
300 273 8
300 253 3
301 175 1
301 832 5
301 998 5
301 177 2
301 547 6
301 524 9
301 367 8
301 584 3
301 28 9
301 958 1
302 65 6
302 266 7
302 154 9
302 960 7
302 938 0
302 687 6
302 947 7
302 846 3
302 255 8
302 737 4
303 997 9
303 109 10
303 396 0
303 252 7
303 245 9
303 706 3
303 737 7
303 523 2
303 794 7
303 522 1
304 118 8
304 942 4
304 75 4
304 697 8
304 288 9
304 82 3
304 627 0
304 20 6
304 262 10
304 411 5
305 128 3
305 265 9
305 419 0
305 68 5
305 471 9
305 397 1
305 101 10
305 942 5
305 693 6
305 448 1
306 770 9
306 527 5
306 485 0
306 899 5
306 559 1
306 403 6
306 437 0
306 295 0
306 442 7
306 760 5
307 162 9
307 915 9
307 45 3
307 539 8
307 247 7
307 527 8
307 879 3
307 743 2
307 646 6
307 487 3
308 420 3
308 634 10
308 237 8
308 279 1
308 18 10
308 408 7
308 916 9
308 655 5
308 549 5
308 404 7
309 520 8
309 104 4
309 308 6
309 187 7
309 863 10
309 842 10
309 208 4
309 439 1
309 989 6
309 777 7
310 927 8
310 75 10
310 573 5
310 605 4
310 57 5
310 60 10
310 219 9
310 719 10
310 281 0
310 836 0
311 791 2
311 125 6
311 537 10
311 120 4
311 477 8
311 576 3
311 988 0
311 197 6
311 522 10
311 628 8
312 321 2
312 640 9
312 970 0
312 227 6
312 677 10
312 665 6
312 954 0
312 442 6
312 502 8
312 841 10
313 398 9
313 302 5
313 266 8
313 485 3
313 959 10
313 809 5
313 614 7
313 375 1
313 636 2
313 794 8
314 791 7
314 73 6
314 343 7
314 221 2
314 201 9
314 771 1
314 981 8
314 867 6
314 12 9
314 323 4
315 157 5
315 968 8
315 638 8
315 314 4
315 322 8
315 223 4
315 922 8
315 256 1
315 66 5
315 186 3
316 459 9
316 288 3
316 10 10
316 535 8
316 770 5
316 468 2
316 639 6
316 749 6
316 150 9
316 740 8
317 866 7
317 54 3
317 526 5
317 803 9
317 705 5
317 580 4
317 793 7
317 13 10
317 951 2
317 704 6
318 772 5
318 476 8
318 350 3
318 479 7
318 480 2
318 80 7
318 198 7
318 423 1
318 29 3
318 830 4
319 390 2
319 129 5
319 409 0
319 893 8
319 55 2
319 241 9
319 771 1
319 706 8
319 748 3
319 397 2
320 68 6
320 428 6
320 190 3
320 780 8
320 175 2
320 356 0
320 802 0
320 582 3
320 24 4
320 685 10
321 263 7
321 860 7
321 711 0
321 396 7
321 676 9
321 829 10
321 459 5
321 456 4
321 46 4
321 907 6
322 532 9
322 878 2
322 921 5
322 211 3
322 27 8
322 696 10
322 105 0
322 7 6
322 563 7
322 74 5
323 112 1
323 99 5
323 996 3
323 519 7
323 839 7
323 676 7
323 73 2
323 805 7
323 884 10
323 743 10
324 356 5
324 392 0
324 857 7
324 55 10
324 287 1
324 492 6
324 46 3
324 658 5
324 240 8
324 703 1
325 922 5
325 720 10
325 346 2
325 647 10
325 873 3
325 752 3
325 374 4
325 42 7
325 520 0
325 579 6
326 935 7
326 506 7
326 980 8
326 332 0
326 312 5
326 435 3
326 698 1
326 319 9
326 294 9
326 813 6
327 345 1
327 557 6
327 36 4
327 70 7
327 690 1
327 267 6
327 833 3
327 872 9
327 504 7
327 236 4
328 47 10
328 329 3
328 784 4
328 994 7
328 306 6
328 384 4
328 410 8
328 431 5
328 248 3
328 984 6
329 658 8
329 174 2
329 954 7
329 428 4
329 682 10
329 838 6
329 167 9
329 99 9
329 282 0
329 935 9
330 511 9
330 59 9
330 49 3
330 962 3
330 243 1
330 887 3
330 425 8
330 188 8
330 298 7
330 817 3
331 732 10
331 327 4
331 686 1
331 753 7
331 667 0
331 557 2
331 71 2
331 141 0
331 258 4
331 335 6
332 486 3
332 482 3
332 294 10
332 588 1
332 672 9
332 770 2
332 54 1
332 37 7
332 359 2
332 94 7
333 935 8
333 882 1
333 819 1
333 898 8
333 313 8
333 332 2
333 757 6
333 365 8
333 974 3
333 226 1
334 286 2
334 784 8
334 443 9
334 429 0
334 702 10
334 260 4
334 247 2
334 582 5
334 432 2
334 708 10
335 54 9
335 429 0
335 312 3
335 517 0
335 125 5
335 352 6
335 641 3
335 445 10
335 829 4
335 761 10
336 493 3
336 300 2
336 363 4
336 545 0
336 141 4
336 959 9
336 888 3
336 175 6
336 355 8
336 546 5
337 482 3
337 357 5
337 308 4
337 576 3
337 490 2
337 316 0
337 870 5
337 978 4
337 657 6
337 737 2
338 356 3
338 456 8
338 623 10
338 878 10
338 776 5
338 938 9
338 708 9
338 971 10
338 837 4
338 342 10
339 136 6
339 861 4
339 795 5
339 364 7
339 258 5
339 333 9
339 55 3
339 841 8
339 873 9
339 789 0
340 683 4
340 423 2
340 288 4
340 63 10
340 402 9
340 312 3
340 586 0
340 713 5
340 777 3
340 386 3
341 9 3
341 766 2
341 143 5
341 17 1
341 353 6
341 966 8
341 493 1
341 340 1
341 677 9
341 177 1
342 210 3
342 908 1
342 324 2
342 900 4
342 795 8
342 333 3
342 527 3
342 814 9
342 828 7
342 743 2
343 27 4
343 218 0
343 643 4
343 230 7
343 120 2
343 547 8
343 895 7
343 828 0
343 535 7
343 668 2
344 631 -1
344 286 8
344 204 3
344 655 1
344 201 4
344 319 4
344 125 2
344 617 5
344 355 5
344 167 3
345 800 6
345 646 8
345 354 0
345 74 7
345 768 10
345 240 2
345 924 1
345 647 7
345 323 0
345 708 3
346 846 3
346 429 6
346 295 4
346 232 3
346 909 8
346 684 1
346 662 0
346 953 5
346 647 5
346 208 1
347 464 4
347 888 9
347 818 2
347 100 1
347 462 5
347 624 3
347 995 8
347 492 9
347 850 10
347 183 8
348 823 1
348 231 6
348 273 8
348 819 7
348 327 1
348 765 9
348 451 9
348 729 3
348 188 8
348 623 4
349 425 1
349 651 5
349 979 10
349 967 7
349 467 1
349 580 4
349 901 9
349 752 5
349 2 5
349 534 8
350 163 3
350 684 5
350 326 8
350 505 7
350 706 9
350 359 9
350 453 9
350 899 1
350 710 -1
350 621 2
351 216 3
351 55 1
351 976 1
351 694 5
351 561 2
351 263 5
351 938 2
351 235 9
351 438 4
351 193 8
352 319 7
352 705 1
352 729 5
352 643 5
352 804 5
352 72 2
352 299 2
352 110 10
352 165 1
352 273 9
353 979 6
353 191 5
353 43 6
353 585 10
353 259 4
353 337 5
353 543 7
353 657 7
353 306 7
353 126 5
354 325 8
354 453 4
354 444 1
354 724 9
354 477 1
354 85 0
354 686 6
354 406 2
354 782 9
354 323 0
355 675 8
355 993 7
355 666 2
355 467 2
355 450 4
355 448 3
355 926 5
355 765 7
355 520 3
355 374 4
356 149 8
356 696 4
356 826 7
356 372 4
356 883 1
356 109 3
356 473 1
356 999 9
356 969 7
356 600 -1
357 151 9
357 418 3
357 513 4
357 560 0
357 738 5
357 689 10
357 74 4
357 38 2
357 43 10
357 558 1
358 831 10
358 897 6
358 655 3
358 317 1
358 55 7
358 97 6
358 224 2
358 532 5
358 550 7
358 932 0
359 347 3
359 444 0
359 342 7
359 396 1
359 259 9
359 529 4
359 861 0
359 915 9
359 552 3
359 352 7
360 75 1
360 132 9
360 602 7
360 536 2
360 571 0
360 190 6
360 148 5
360 421 7
360 483 5
360 667 1
361 569 7
361 390 10
361 16 1
361 769 5
361 263 6
361 714 4
361 231 4
361 929 3
361 405 6
361 206 9
362 727 0
362 425 1
362 448 9
362 579 10
362 137 8
362 500 3
362 390 7
362 791 9
362 656 6
362 627 8
363 421 7
363 982 6
363 899 9
363 294 5
363 72 8
363 681 6
363 620 10
363 926 4
363 123 3
363 525 7
364 173 0
364 817 9
364 689 7
364 607 0
364 547 9
364 234 5
364 59 2
364 427 9
364 928 8
364 430 3
365 574 0
365 419 2
365 680 7
365 547 2
365 710 5
365 582 4
365 463 5
365 20 2
365 66 3
365 315 9
366 110 7
366 623 0
366 597 3
366 409 8
366 505 2
366 690 10
366 224 7
366 374 5
366 208 2
366 479 3
367 387 0
367 950 3
367 166 7
367 873 1
367 501 9
367 41 7
367 333 3
367 458 1
367 978 0
367 223 7
368 768 7
368 793 1
368 364 1
368 188 0
368 912 0
368 663 1
368 93 10
368 918 9
368 240 0
368 584 7
369 747 4
369 974 7
369 866 4
369 563 6
369 272 4
369 519 7
369 112 3
369 78 7
369 592 10
369 610 6
370 143 10
370 366 3
370 396 9
370 888 9
370 315 5
370 502 6
370 589 8
370 774 9
370 13 2
370 673 4
371 713 5
371 106 0
371 929 9
371 21 0
371 965 10
371 536 8
371 807 10
371 205 2
371 743 2
371 165 6
372 415 0
372 177 2
372 802 9
372 756 7
372 723 8
372 739 6
372 849 4
372 256 8
372 166 9
372 536 9
373 361 0
373 629 7
373 555 10
373 258 1
373 315 4
373 749 3
373 111 0
373 807 1
373 221 6
373 656 8
374 712 3
374 503 10
374 577 5
374 593 5
374 613 2
374 122 3
374 592 8
374 409 1
374 200 8
374 468 7
375 421 5
375 419 6
375 329 0
375 686 3
375 833 3
375 76 2
375 248 4
375 576 9
375 366 0
375 420 9
376 725 9
376 380 6
376 58 8
376 852 1
376 143 2
376 337 7
376 931 0
376 299 7
376 141 6
376 570 7
377 582 7
377 851 5
377 791 3
377 785 9
377 559 3
377 303 10
377 850 2
377 500 10
377 211 8
377 238 4
378 568 2
378 990 9
378 54 2
378 975 5
378 214 8
378 757 7
378 295 8
378 654 4
378 561 5
378 692 5
379 178 0
379 807 9
379 399 2
379 683 10
379 650 0
379 282 9
379 422 7
379 527 6
379 531 1
379 303 5
380 232 1
380 823 7
380 318 8
380 772 7
380 434 0
380 450 5
380 84 0
380 831 6
380 637 6
380 634 1
381 301 10
381 752 8
381 788 9
381 910 0
381 522 5
381 708 10
381 565 0
381 981 8
381 979 6
381 822 2
382 173 5
382 954 5
382 587 1
382 503 2
382 520 2
382 19 0
382 331 0
382 848 7
382 390 9
382 55 8
383 249 4
383 600 9
383 605 5
383 365 0
383 587 5
383 59 4
383 770 5
383 995 9
383 467 4
383 489 5
384 377 10
384 942 6
384 323 8
384 385 4
384 697 1
384 538 4
384 698 0
384 920 10
384 983 3
384 680 5
385 77 5
385 45 9
385 273 4
385 334 6
385 189 6
385 883 4
385 274 4
385 989 1
385 775 1
385 808 6
386 349 1
386 886 0
386 967 8
386 398 5
386 873 4
386 525 7
386 429 10
386 326 5
386 940 6
386 418 4
387 217 2
387 598 8
387 395 2
387 232 5
387 92 4
387 287 4
387 59 2
387 801 6
387 966 6
387 108 -1
388 57 1
388 385 4
388 430 4
388 382 3
388 641 1
388 55 3
388 860 3
388 859 5
388 426 0
388 819 4
389 741 1
389 648 4
389 495 3
389 714 4
389 508 9
389 237 1
389 969 2
389 485 8
389 575 3
389 80 3
390 234 7
390 606 0
390 968 10
390 378 5
390 395 9
390 246 1
390 781 2
390 809 10
390 508 8
390 380 2
391 606 8
391 4 4
391 100 0
391 903 2
391 858 7
391 311 3
391 302 8
391 735 5
391 895 0
391 955 3
392 814 2
392 720 10
392 500 10
392 889 6
392 685 7
392 917 8
392 397 8
392 893 6
392 926 5
392 160 10
393 633 9
393 484 1
393 809 4
393 950 9
393 527 9
393 227 5
393 409 7
393 810 10
393 69 10
393 388 10
394 255 2
394 879 5
394 919 9
394 419 5
394 497 0
394 295 1
394 958 6
394 460 6
394 129 10
394 528 3
395 415 0
395 149 6
395 833 3
395 896 4
395 227 1
395 558 10
395 508 2
395 874 5
395 775 7
395 619 5
396 221 8
396 707 7
396 847 3
396 604 9
396 483 7
396 54 0
396 977 9
396 994 5
396 13 9
396 401 1
397 84 10
397 400 0
397 867 3
397 331 5
397 21 8
397 386 5
397 281 0
397 304 0
397 906 1
397 89 7
398 599 9
398 269 3
398 253 9
398 675 4
398 635 10
398 192 8
398 585 6
398 896 3
398 544 4
398 152 6
399 175 4
399 332 10
399 942 3
399 351 0
399 853 5
399 309 3
399 668 4
399 1 5
399 241 1
399 704 2
400 527 10
400 835 4
400 915 8
400 374 9
400 595 5
400 45 4
400 180 10
400 615 8
400 356 0
400 777 9
401 73 10
401 854 4
401 926 8
401 635 2
401 902 5
401 740 10
401 115 3
401 60 7
401 977 1
401 469 7
402 534 3
402 607 1
402 890 5
402 401 0
402 453 10
402 559 2
402 379 0
402 670 7
402 788 3
402 599 5
403 773 8
403 384 8
403 93 4
403 341 0
403 243 5
403 497 6
403 934 3
403 89 9
403 744 4
403 103 0
404 425 1
404 775 7
404 979 1
404 869 2
404 263 5
404 213 10
404 320 5
404 136 0
404 345 2
404 330 7
405 966 6
405 46 10
405 586 1
405 637 6
405 450 2
405 432 8
405 875 0
405 626 4
405 274 3
405 230 3
406 186 7
406 490 2
406 441 2
406 653 3
406 30 7
406 707 -1
406 49 9
406 615 10
406 850 6
406 911 4
407 707 9
407 83 2
407 189 9
407 280 8
407 914 5
407 888 3
407 531 4
407 97 5
407 294 6
407 208 10
408 852 10
408 845 2
408 769 7
408 838 2
408 256 9
408 489 2
408 388 2
408 590 1
408 628 6
408 940 2
409 577 10
409 184 3
409 422 8
409 908 0
409 248 10
409 420 7
409 370 10
409 966 1
409 399 0
409 451 1
410 863 5
410 407 6
410 471 10
410 806 6
410 240 9
410 858 10
410 856 10
410 481 5
410 633 4
410 336 9
411 314 10
411 78 7
411 428 8
411 872 10
411 656 7
411 96 3
411 188 3
411 115 9
411 200 4
411 380 0
412 258 6
412 650 7
412 809 8
412 854 9
412 952 4
412 37 5
412 667 10
412 398 4
412 100 2
412 317 9
413 14 6
413 740 9
413 64 6
413 166 0
413 475 2
413 844 2
413 585 8
413 793 2
413 307 6
413 729 7
414 946 5
414 772 5
414 495 1
414 610 10
414 27 1
414 210 9
414 349 7
414 766 6
414 434 4
414 537 8
415 444 10
415 974 1
415 30 5
415 960 8
415 89 6
415 61 9
415 861 1
415 644 2
415 884 6
415 312 5
416 744 7
416 12 8
416 78 3
416 618 8
416 348 2
416 683 4
416 287 1
416 886 5
416 866 8
416 529 6
417 957 1
417 781 6
417 565 3
417 962 8
417 726 1
417 625 8
417 912 8
417 655 4
417 940 6
417 663 9
418 714 8
418 211 5
418 806 0
418 172 9
418 794 10
418 977 9
418 218 3
418 438 9
418 338 1
418 508 3
419 735 3
419 61 10
419 203 8
419 253 8
419 526 8
419 38 9
419 551 3
419 430 3
419 585 4
419 973 4
420 802 1
420 199 10
420 989 9
420 231 10
420 779 1
420 120 5
420 278 10
420 607 10
420 330 7
420 835 1
421 862 8
421 602 0
421 946 7
421 208 0
421 817 0
421 540 1
421 55 0
421 943 0
421 888 1
421 549 6
422 97 6
422 945 9
422 124 10
422 943 0
422 974 5
422 99 1
422 403 2
422 248 7
422 84 5
422 736 5
423 53 7
423 858 10
423 488 1
423 176 4
423 642 5
423 166 5
423 756 4
423 700 4
423 144 6
423 365 7
424 569 7
424 282 7
424 558 4
424 335 4
424 159 0
424 459 5
424 707 4
424 264 4
424 749 7
424 486 4
425 110 7
425 993 10
425 641 4
425 289 8
425 746 9
425 96 5
425 93 9
425 332 6
425 698 5
425 688 0
426 260 8
426 43 2
426 525 4
426 871 6
426 349 2
426 604 1
426 27 9
426 218 6
426 361 2
426 449 5
427 823 9
427 519 0
427 75 2
427 819 1
427 734 2
427 215 1
427 258 1
427 2 9
427 465 6
427 226 0
428 310 6
428 707 3
428 43 9
428 327 0
428 375 7
428 361 9
428 156 7
428 213 1
428 784 9
428 905 2
429 558 0
429 403 8
429 762 2
429 912 0
429 549 7
429 86 9
429 315 3
429 959 3
429 995 3
429 2 5
430 267 1
430 674 1
430 450 7
430 780 10
430 769 1
430 919 10
430 615 4
430 761 8
430 569 4
430 471 7
431 432 3
431 633 0
431 996 3
431 42 7
431 130 9
431 681 10
431 759 4
431 36 0
431 59 5
431 416 4
432 538 5
432 96 10
432 838 4
432 943 5
432 578 2
432 955 3
432 436 5
432 280 7
432 855 1
432 570 1
433 333 7
433 702 4
433 184 0
433 448 7
433 88 8
433 898 6
433 338 2
433 200 5
433 109 3
433 750 10
434 818 8
434 877 3
434 802 0
434 876 5
434 286 9
434 163 2
434 374 8
434 208 8
434 307 2
434 85 4
435 807 6
435 562 2
435 487 9
435 38 4
435 182 10
435 153 8
435 786 9
435 208 10
435 27 3
435 201 3
436 867 1
436 986 6
436 689 9
436 247 9
436 92 8
436 768 3
436 193 1
436 507 2
436 514 8
436 129 10
437 946 8
437 472 3
437 794 8
437 134 4
437 146 3
437 821 2
437 547 10
437 702 2
437 755 7
437 500 3
438 193 7
438 768 4
438 69 3
438 866 3
438 417 3
438 501 8
438 838 2
438 108 10
438 832 0
438 631 10
439 907 9
439 470 2
439 603 10
439 559 3
439 109 4
439 939 1
439 579 2
439 764 8
439 480 10
439 134 5
440 9 10
440 447 5
440 656 10
440 473 0
440 181 0
440 812 2
440 820 5
440 160 6
440 929 7
440 88 7
441 860 10
441 438 10
441 89 10
441 624 3
441 71 2
441 251 7
441 787 10
441 302 5
441 910 3
441 327 1
442 219 3
442 804 9
442 53 2
442 298 2
442 527 5
442 652 8
442 848 6
442 266 6
442 445 2
442 230 7
443 458 3
443 112 1
443 242 7
443 59 10
443 556 6
443 28 3
443 692 10
443 814 5
443 245 5
443 883 4
444 327 2
444 718 7
444 747 3
444 528 10
444 989 5
444 417 9
444 820 4
444 29 8
444 830 3
444 256 6
445 591 7
445 811 0
445 516 7
445 88 9
445 675 0
445 238 4
445 90 5
445 1 3
445 898 0
445 114 0
446 420 3
446 112 4
446 285 3
446 442 8
446 841 4
446 332 1
446 598 2
446 75 1
446 820 3
446 185 1
447 663 6
447 207 3
447 872 3
447 665 1
447 817 1
447 876 6
447 1000 0
447 67 9
447 282 8
447 908 1
448 285 3
448 885 5
448 128 3
448 322 9
448 172 5
448 819 4
448 614 9
448 543 0
448 360 1
448 237 3
449 749 8
449 268 4
449 940 3
449 459 7
449 909 7
449 131 10
449 290 6
449 231 7
449 37 6
449 489 2
450 410 8
450 856 0
450 357 10
450 851 10
450 686 10
450 201 5
450 572 7
450 434 4
450 321 2
450 729 0
451 886 3
451 817 1
451 231 10
451 133 2
451 263 1
451 433 9
451 890 -1
451 35 6
451 457 8
451 875 2
452 947 8
452 153 9
452 982 9
452 626 4
452 948 5
452 99 3
452 427 5
452 246 7
452 327 8
452 495 4
453 957 5
453 770 3
453 628 1
453 760 3
453 242 3
453 188 5
453 528 9
453 971 10
453 840 7
453 651 2
454 161 4
454 431 9
454 358 5
454 21 3
454 710 0
454 651 10
454 237 2
454 960 5
454 803 4
454 954 3
455 627 2
455 260 0
455 48 0
455 45 6
455 120 6
455 43 2
455 458 0
455 454 2
455 378 8
455 704 5
456 11 5
456 770 1
456 976 10
456 316 0
456 422 3
456 10 8
456 167 0
456 941 6
456 453 9
456 315 7
457 806 1
457 285 1
457 409 1
457 151 6
457 274 7
457 383 9
457 386 1
457 235 2
457 154 10
457 380 1
458 765 3
458 871 7
458 61 4
458 567 8
458 524 0
458 737 3
458 512 2
458 352 5
458 131 7
458 771 5
459 440 10
459 210 6
459 52 0
459 496 4
459 642 10
459 399 -1
459 732 3
459 251 4
459 806 8
459 755 10
460 314 2
460 556 10
460 100 1
460 293 6
460 352 7
460 172 7
460 388 0
460 796 4
460 804 4
460 839 5
461 836 8
461 245 8
461 48 7
461 783 10
461 408 9
461 52 5
461 599 0
461 474 0
461 47 9
461 634 2
462 193 2
462 420 7
462 414 6
462 127 2
462 710 4
462 807 4
462 986 0
462 541 0
462 86 8
462 816 6
463 247 7
463 654 3
463 94 10
463 979 4
463 697 7
463 942 10
463 801 4
463 579 8
463 314 9
463 34 1
464 185 9
464 537 5
464 815 7
464 612 6
464 970 3
464 244 9
464 633 1
464 258 1
464 766 3
464 712 10
465 293 8
465 350 7
465 572 7
465 426 2
465 626 9
465 737 0
465 497 10
465 201 8
465 493 7
465 31 5
466 916 6
466 219 2
466 480 7
466 835 3
466 902 2
466 955 9
466 806 9
466 392 8
466 271 2
466 708 1
467 84 0
467 350 1
467 479 7
467 639 1
467 600 4
467 5 9
467 88 7
467 652 1
467 987 8
467 727 0
468 735 6
468 421 8
468 947 6
468 580 2
468 789 2
468 148 1
468 345 7
468 815 10
468 39 8
468 630 8
469 598 5
469 842 2
469 187 5
469 71 4
469 554 5
469 510 8
469 448 5
469 243 6
469 894 10
469 331 7
470 818 6
470 872 6
470 963 1
470 391 7
470 40 2
470 362 -1
470 769 9
470 418 5
470 791 7
470 785 3
471 64 1
471 625 8
471 900 4
471 822 1
471 645 3
471 135 4
471 125 5
471 463 2
471 593 2
471 197 6
472 739 7
472 73 8
472 382 5
472 950 2
472 780 3
472 637 5
472 696 0
472 662 10
472 757 9
472 357 9
473 635 1
473 509 10
473 983 9
473 7 7
473 536 1
473 227 3
473 989 1
473 679 3
473 315 0
473 241 7
474 46 2
474 662 2
474 828 6
474 54 5
474 609 9
474 799 0
474 261 9
474 756 10
474 33 1
474 784 6
475 181 10
475 437 5
475 170 3
475 241 0
475 759 6
475 946 6
475 227 9
475 831 -1
475 13 8
475 764 9
476 92 8
476 158 8
476 593 7
476 867 1
476 687 4
476 796 0
476 894 0
476 106 9
476 506 3
476 573 10
477 681 5
477 882 3
477 264 6
477 758 10
477 725 7
477 296 8
477 754 5
477 346 4
477 348 0
477 485 3
478 416 4
478 710 2
478 209 4
478 220 3
478 567 0
478 695 7
478 107 9
478 430 1
478 375 5
478 39 2
479 932 0
479 805 6
479 392 9
479 233 9
479 944 9
479 836 5
479 540 3
479 347 8
479 958 9
479 487 8
480 113 3
480 899 8
480 955 5
480 513 2
480 605 2
480 5 4
480 516 7
480 251 8
480 38 1
480 818 8
481 111 5
481 253 2
481 931 8
481 728 0
481 857 3
481 687 6
481 425 6
481 283 8
481 947 3
481 616 10
482 557 1
482 912 3
482 646 6
482 819 10
482 659 10
482 622 7
482 879 8
482 833 6
482 19 7
482 288 7
483 904 7
483 660 3
483 662 4
483 862 1
483 536 4
483 804 10
483 253 1
483 12 9
483 945 8
483 990 8
484 604 0
484 701 5
484 551 4
484 867 9
484 731 2
484 336 8
484 339 4
484 115 3
484 574 8
484 753 1
485 948 10
485 580 10
485 823 9
485 565 2
485 227 5
485 704 7
485 978 10
485 949 5
485 252 9
485 117 6
486 796 8
486 584 9
486 458 8
486 164 2
486 907 10
486 949 1
486 968 6
486 180 5
486 671 1
486 348 4
487 31 3
487 993 5
487 34 2
487 239 6
487 233 2
487 468 9
487 328 1
487 286 10
487 913 3
487 319 8
488 78 0
488 538 6
488 659 1
488 498 3
488 217 3
488 22 7
488 923 0
488 740 9
488 864 1
488 989 9
489 836 3
489 214 1
489 367 0
489 962 9
489 237 0
489 657 5
489 219 4
489 987 3
489 914 5
489 938 6
490 377 7
490 473 5
490 249 2
490 157 3
490 396 5
490 336 2
490 148 3
490 818 2
490 233 9
490 517 0
491 774 7
491 847 7
491 755 1
491 18 5
491 591 6
491 122 2
491 471 7
491 868 4
491 677 2
491 622 1
492 190 8
492 394 1
492 898 5
492 993 8
492 753 6
492 687 1
492 406 9
492 156 5
492 625 9
492 673 10
493 162 6
493 924 4
493 518 4
493 902 10
493 77 7
493 235 4
493 827 7
493 569 10
493 628 4
493 386 5
494 962 5
494 522 10
494 892 8
494 311 3
494 254 0
494 450 9
494 116 3
494 788 2
494 432 8
494 291 10
495 23 10
495 593 5
495 648 7
495 906 5
495 32 8
495 497 5
495 921 4
495 890 4
495 935 6
495 431 0
496 633 7
496 256 10
496 121 7
496 196 9
496 333 5
496 591 6
496 910 7
496 160 4
496 141 9
496 426 5
497 854 8
497 759 9
497 164 10
497 293 4
497 619 6
497 860 1
497 197 0
497 936 3
497 107 3
497 536 3
498 852 0
498 371 10
498 886 1
498 444 5
498 948 8
498 337 2
498 602 1
498 495 6
498 319 0
498 403 5
499 58 3
499 887 3
499 906 7
499 21 6
499 280 4
499 965 9
499 377 10
499 43 2
499 452 8
499 431 7
500 505 3
500 682 0
500 928 6
500 554 6
500 163 0
500 267 7
500 888 5
500 948 5
500 759 1
500 10 4
501 601 8
501 10 6
501 201 4
501 934 9
501 460 6
501 76 1
501 535 3
501 675 4
501 987 2
501 810 8
502 895 2
502 196 4
502 856 1
502 520 5
502 412 5
502 874 9
502 740 5
502 583 6
502 741 0
502 404 1
503 647 10
503 611 6
503 725 0
503 833 7
503 916 2
503 289 4
503 595 10
503 505 -1
503 223 1
503 71 2
504 215 9
504 388 6
504 310 1
504 651 3
504 330 9
504 592 5
504 384 6
504 561 2
504 116 3
504 795 9
505 336 2
505 257 2
505 534 6
505 491 9
505 883 4
505 474 6
505 168 0
505 731 9
505 596 8
505 542 4
506 21 0
506 340 8
506 802 8
506 985 9
506 509 4
506 288 6
506 365 9
506 6 8
506 801 10
506 742 9
507 814 9
507 925 7
507 24 1
507 458 6
507 755 2
507 376 6
507 558 0
507 949 3
507 214 0
507 281 2
508 821 10
508 273 2
508 597 4
508 851 3
508 169 9
508 115 6
508 163 1
508 246 7
508 146 0
508 941 4
509 469 7
509 935 5
509 178 2
509 161 2
509 162 10
509 39 10
509 755 0
509 414 6
509 15 7
509 246 0
510 899 8
510 367 0
510 303 1
510 958 2
510 672 8
510 163 3
510 948 2
510 987 5
510 799 4
510 781 8
511 834 6
511 244 10
511 243 5
511 472 1
511 205 5
511 131 4
511 422 3
511 930 0
511 555 0
511 76 5
512 921 3
512 323 9
512 402 4
512 391 9
512 918 0
512 184 8
512 697 10
512 765 1
512 569 9
512 640 2
513 855 3
513 112 7
513 667 9
513 673 9
513 318 3
513 431 10
513 670 6
513 13 2
513 232 0
513 325 5
514 262 1
514 920 2
514 408 5
514 386 1
514 218 10
514 253 5
514 709 8
514 545 6
514 710 9
514 808 8
515 386 0
515 357 9
515 733 8
515 105 8
515 457 4
515 504 9
515 400 5
515 197 9
515 331 0
515 623 3
516 935 1
516 320 8
516 712 5
516 937 0
516 400 6
516 511 2
516 916 8
516 969 2
516 218 4
516 908 0
517 657 8
517 947 6
517 809 6
517 37 5
517 193 10
517 575 7
517 641 8
517 741 1
517 293 3
517 556 3
518 761 10
518 237 2
518 751 3
518 341 2
518 132 1
518 234 2
518 156 10
518 535 0
518 39 6
518 908 2
519 971 1
519 74 3
519 848 7
519 760 7
519 48 3
519 886 10
519 903 3
519 898 3
519 592 4
519 575 3
520 120 9
520 334 6
520 581 8
520 493 7
520 921 6
520 813 6
520 73 5
520 194 5
520 986 9
520 197 1
521 243 6
521 451 2
521 9 4
521 470 7
521 664 8
521 422 7
521 242 10
521 379 10
521 467 8
521 111 6
522 852 10
522 811 0
522 99 8
522 240 9
522 212 0
522 346 3
522 957 7
522 940 6
522 824 3
522 33 3
523 786 2
523 813 8
523 145 7
523 170 7
523 850 4
523 10 9
523 759 5
523 27 10
523 595 10
523 446 8
524 100 7
524 579 6
524 672 5
524 752 6
524 573 0
524 324 10
524 425 2
524 578 7
524 751 4
524 932 1
525 807 2
525 767 5
525 370 7
525 242 0
525 120 9
525 900 7
525 257 4
525 499 5
525 990 8
525 414 8
526 969 8
526 632 2
526 562 3
526 753 9
526 277 9
526 124 7
526 550 8
526 333 1
526 627 0
526 847 8
527 819 8
527 866 4
527 641 8
527 629 3
527 850 8
527 549 4
527 711 8
527 224 9
527 357 4
527 148 0
528 711 1
528 455 10
528 581 8
528 353 0
528 411 5
528 716 6
528 449 6
528 45 1
528 865 0
528 319 4
529 836 10
529 951 9
529 903 7
529 870 2
529 552 6
529 683 4
529 432 3
529 820 1
529 126 6
529 673 5
530 523 0
530 977 6
530 504 7
530 161 7
530 234 7
530 618 3
530 969 3
530 446 5
530 635 6
530 490 1
531 231 4
531 606 1
531 287 8
531 705 2
531 616 6
531 208 9
531 764 8
531 434 7
531 130 3
531 807 3
532 651 5
532 813 0
532 613 4
532 564 1
532 892 7
532 573 0
532 437 10
532 411 -1
532 364 0
532 141 10
533 849 9
533 994 3
533 588 2
533 39 1
533 185 5
533 627 1
533 295 9
533 537 2
533 647 1
533 117 5
534 894 7
534 988 4
534 832 5
534 714 0
534 935 0
534 318 7
534 964 5
534 432 0
534 973 7
534 806 7
535 82 2
535 537 10
535 577 3
535 246 4
535 40 8
535 61 9
535 834 3
535 439 1
535 380 9
535 713 0
536 311 9
536 709 5
536 140 4
536 882 6
536 215 5
536 744 9
536 976 6
536 930 10
536 257 7
536 117 4
537 61 4
537 47 7
537 416 4
537 799 2
537 404 0
537 870 10
537 876 7
537 134 10
537 555 3
537 307 2
538 791 1
538 914 9
538 675 8
538 763 7
538 70 2
538 251 2
538 475 9
538 720 9
538 247 1
538 962 4
539 445 6
539 88 6
539 282 9
539 872 8
539 979 6
539 644 3
539 118 3
539 112 9
539 871 -1
539 540 8
540 573 10
540 65 1
540 892 1
540 988 6
540 270 5
540 402 7
540 745 2
540 839 8
540 71 0
540 967 10
541 421 5
541 33 7
541 695 5
541 342 9
541 139 9
541 955 9
541 778 0
541 248 6
541 894 2
541 195 2
542 352 7
542 644 0
542 414 3
542 56 0
542 387 4
542 101 3
542 347 2
542 239 3
542 180 2
542 687 8
543 301 3
543 47 6
543 456 10
543 679 4
543 170 0
543 651 5
543 660 4
543 91 10
543 97 6
543 663 7
544 539 6
544 515 4
544 966 1
544 518 1
544 1000 0
544 945 5
544 654 5
544 367 10
544 134 1
544 572 4
545 314 9
545 51 5
545 665 6
545 847 10
545 301 10
545 415 5
545 842 5
545 622 9
545 470 2
545 632 2
546 40 3
546 746 1
546 28 9
546 580 2
546 74 0
546 46 3
546 801 7
546 86 10
546 781 4
546 975 4
547 123 0
547 590 10
547 881 8
547 997 10
547 564 2
547 178 6
547 200 1
547 465 6
547 18 0
547 112 3
548 333 10
548 787 2
548 232 1
548 247 8
548 941 10
548 297 3
548 602 6
548 215 0
548 303 8
548 500 8
549 232 5
549 887 10
549 615 4
549 814 0
549 280 0
549 255 4
549 602 7
549 35 4
549 245 8
549 536 8
550 846 9
550 799 9
550 246 9
550 835 0
550 240 5
550 916 1
550 316 6
550 737 1
550 594 4
550 938 8
551 192 7
551 245 2
551 623 4
551 901 10
551 870 7
551 592 2
551 387 2
551 341 8
551 658 5
551 377 3
552 455 0
552 614 9
552 515 8
552 854 2
552 524 3
552 291 7
552 84 4
552 221 10
552 938 6
552 780 5
553 774 2
553 40 10
553 532 0
553 516 9
553 352 10
553 671 7
553 760 0
553 816 1
553 170 7
553 682 2
554 740 5
554 990 1
554 913 1
554 294 -1
554 985 1
554 85 1
554 200 10
554 432 9
554 59 8
554 910 0
555 809 10
555 275 0
555 919 4
555 562 6
555 929 7
555 776 0
555 678 7
555 934 8
555 235 6
555 277 4
556 139 4
556 81 8
556 540 8
556 989 6
556 876 9
556 924 1
556 637 7
556 280 3
556 170 2
556 857 10
557 74 1
557 601 5
557 625 4
557 692 10
557 388 6
557 380 3
557 233 5
557 381 7
557 757 4
557 421 8
558 785 7
558 20 4
558 363 7
558 937 7
558 94 7
558 113 4
558 71 8
558 401 2
558 936 9
558 707 4
559 635 4
559 202 3
559 171 9
559 446 9
559 826 4
559 100 1
559 911 4
559 86 1
559 956 3
559 932 5
560 901 3
560 57 8
560 748 8
560 231 2
560 398 2
560 662 2
560 417 7
560 364 2
560 3 8
560 793 1
561 881 6
561 309 6
561 793 9
561 74 7
561 806 6
561 214 0
561 624 10
561 770 7
561 27 9
561 206 6
562 516 7
562 968 1
562 996 6
562 187 7
562 729 4
562 565 9
562 531 5
562 614 5
562 977 6
562 909 1
563 631 3
563 108 1
563 511 1
563 227 9
563 546 6
563 728 1
563 124 5
563 99 1
563 560 5
563 595 6
564 174 1
564 971 4
564 382 10
564 895 2
564 834 9
564 418 3
564 544 3
564 534 1
564 542 7
564 830 4
565 794 7
565 835 1
565 239 9
565 616 4
565 324 7
565 789 4
565 584 2
565 60 7
565 7 1
565 721 5
566 815 8
566 358 2
566 779 6
566 468 9
566 910 10
566 703 0
566 544 5
566 582 8
566 579 6
566 570 7
567 414 3
567 708 10
567 398 8
567 194 8
567 924 7
567 555 0
567 78 9
567 438 1
567 337 7
567 684 9
568 763 9
568 347 2
568 714 5
568 627 8
568 4 6
568 505 2
568 861 3
568 523 7
568 648 0
568 677 10
569 435 9
569 960 3
569 925 0
569 834 0
569 568 9
569 453 5
569 73 6
569 485 6
569 837 10
569 656 9
570 741 4
570 436 5
570 991 10
570 713 7
570 154 7
570 468 0
570 417 4
570 372 1
570 355 9
570 880 5
571 848 8
571 752 8
571 936 5
571 7 1
571 614 3
571 81 1
571 430 4
571 726 0
571 834 3
571 989 10
572 10 9
572 869 10
572 197 2
572 294 9
572 807 9
572 994 0
572 506 6
572 814 8
572 831 6
572 927 10
573 352 7
573 247 0
573 237 4
573 675 5
573 720 0
573 310 9
573 866 5
573 735 8
573 797 5
573 472 8
574 237 9
574 109 10
574 361 10
574 30 0
574 499 6
574 929 3
574 936 3
574 33 8
574 436 9
574 440 5
575 912 4
575 770 10
575 728 5
575 139 3
575 554 10
575 441 9
575 409 3
575 145 1
575 435 9
575 319 9
576 304 9
576 144 0
576 476 10
576 820 8
576 411 8
576 904 3
576 135 3
576 710 9
576 10 0
576 536 3
577 975 7
577 578 1
577 439 9
577 587 8
577 828 6
577 85 6
577 127 9
577 900 7
577 104 7
577 836 0
578 50 8
578 712 1
578 731 1
578 237 0
578 286 10
578 992 7
578 803 4
578 728 4
578 632 9
578 234 2
579 569 1
579 879 4
579 711 9
579 384 1
579 58 9
579 86 1
579 243 1
579 280 1
579 104 9
579 664 3
580 663 6
580 195 4
580 42 5
580 401 10
580 148 7
580 977 0
580 442 10
580 644 6
580 807 7
580 850 3
581 154 9
581 85 5
581 49 8
581 635 9
581 184 5
581 25 4
581 544 1
581 489 9
581 264 7
581 413 8
582 55 6
582 97 4
582 527 9
582 640 6
582 432 3
582 695 6
582 62 7
582 433 10
582 77 9
582 822 3
583 325 9
583 900 1
583 393 1
583 711 10
583 428 5
583 696 7
583 252 3
583 911 6
583 149 5
583 769 2
584 168 3
584 710 10
584 512 1
584 24 6
584 540 6
584 229 7
584 360 10
584 634 6
584 987 10
584 103 2
585 387 10
585 968 9
585 367 8
585 617 3
585 30 6
585 567 8
585 904 10
585 693 8
585 532 1
585 824 0
586 377 5
586 373 4
586 309 4
586 502 2
586 232 4
586 286 2
586 760 1
586 662 5
586 519 4
586 920 2
587 611 8
587 453 1
587 552 5
587 682 9
587 21 9
587 382 8
587 967 5
587 384 1
587 313 5
587 216 1
588 965 0
588 762 9
588 102 2
588 335 3
588 82 8
588 917 6
588 548 9
588 271 5
588 769 0
588 691 3
589 898 1
589 308 9
589 480 7
589 400 7
589 203 3
589 887 6
589 552 0
589 168 5
589 136 6
589 343 2
590 697 3
590 34 9
590 5 9
590 133 9
590 998 4
590 386 1
590 278 1
590 850 7
590 266 6
590 660 7
591 174 2
591 580 2
591 619 1
591 134 7
591 673 8
591 820 8
591 758 1
591 572 5
591 881 1
591 962 0
592 217 6
592 817 0
592 509 1
592 997 5
592 644 6
592 574 1
592 452 8
592 773 10
592 319 6
592 65 7
593 802 9
593 854 9
593 567 4
593 216 6
593 314 5
593 692 10
593 352 3
593 311 2
593 707 10
593 546 8
594 831 9
594 598 2
594 410 3
594 794 0
594 511 2
594 22 0
594 723 8
594 968 8
594 643 5
594 532 4
595 37 2
595 246 5
595 597 3
595 710 4
595 854 5
595 937 9
595 956 2
595 195 6
595 364 0
595 593 1
596 651 0
596 368 4
596 563 2
596 152 6
596 209 9
596 89 1
596 174 8
596 438 8
596 564 7
596 714 3
597 670 2
597 897 2
597 391 7
597 805 3
597 223 0
597 901 6
597 790 9
597 753 7
597 25 1
597 202 8
598 861 5
598 725 7
598 726 8
598 193 7
598 492 10
598 580 7
598 6 9
598 251 7
598 833 6
598 549 2
599 180 7
599 817 9
599 763 8
599 793 2
599 107 3
599 741 10
599 829 0
599 439 9
599 655 3
599 205 7
600 456 5
600 255 3
600 136 2
600 516 7
600 388 8
600 144 7
600 670 8
600 128 8
600 48 7
600 222 1
601 276 8
601 954 5
601 68 10
601 379 2
601 589 1
601 458 1
601 394 10
601 78 2
601 864 6
601 554 7
602 893 9
602 383 7
602 197 1
602 526 8
602 899 2
602 280 4
602 972 3
602 817 9
602 224 4
602 99 5
603 644 0
603 706 9
603 97 2
603 251 10
603 382 2
603 226 6
603 869 6
603 21 6
603 535 5
603 542 7
604 591 8
604 349 1
604 152 6
604 61 9
604 7 9
604 454 2
604 18 5
604 497 0
604 265 10
604 322 1
605 619 7
605 767 4
605 273 7
605 13 10
605 799 0
605 140 8
605 339 4
605 722 7
605 860 6
605 625 1
606 84 10
606 852 10
606 701 5
606 888 1
606 32 6
606 313 5
606 794 4
606 352 6
606 610 8
606 94 9
607 365 1
607 474 0
607 101 1
607 264 8
607 769 1
607 817 0
607 208 10
607 404 0
607 904 7
607 18 0
608 353 4
608 530 4
608 848 5
608 322 3
608 908 8
608 201 9
608 423 8
608 454 0
608 986 3
608 348 3
609 512 7
609 34 4
609 785 4
609 924 5
609 545 8
609 235 0
609 964 8
609 608 0
609 918 7
609 962 5
610 195 4
610 643 10
610 43 6
610 373 2
610 47 8
610 890 7
610 298 8
610 70 9
610 700 1
610 179 0
611 73 10
611 490 0
611 142 3
611 17 2
611 688 8
611 943 2
611 455 0
611 100 2
611 968 1
611 996 3
612 641 10
612 416 9
612 129 10
612 891 7
612 814 2
612 162 0
612 815 0
612 715 4
612 561 1
612 754 3
613 905 2
613 481 7
613 343 0
613 145 10
613 697 9
613 123 10
613 850 9
613 565 4
613 105 3
613 824 9
614 577 10
614 341 8
614 95 0
614 998 6
614 292 3
614 849 1
614 765 5
614 375 7
614 172 8
614 255 5
615 985 8
615 759 10
615 650 1
615 465 8
615 258 5
615 783 8
615 426 8
615 13 1
615 433 3
615 47 3
616 671 6
616 86 9
616 709 9
616 45 2
616 612 3
616 733 8
616 416 5
616 949 6
616 734 5
616 442 1
617 389 10
617 55 1
617 8 1
617 865 7
617 61 1
617 919 1
617 262 3
617 501 1
617 383 8
617 395 2
618 313 0
618 615 2
618 14 3
618 714 8
618 45 1
618 529 4
618 838 9
618 601 0
618 532 6
618 966 9
619 665 8
619 906 1
619 66 0
619 176 2
619 128 2
619 994 2
619 396 4
619 196 3
619 112 6
619 830 7
620 579 5
620 187 3
620 861 10
620 874 1
620 534 1
620 795 10
620 353 4
620 436 1
620 484 10
620 251 0
621 841 6
621 872 8
621 15 6
621 724 9
621 700 10
621 548 6
621 800 5
621 523 9
621 755 1
621 157 0
622 473 7
622 470 1
622 857 10
622 442 6
622 329 0
622 872 3
622 316 10
622 855 5
622 618 8
622 956 5
623 193 5
623 133 4
623 55 1
623 941 6
623 689 1
623 267 6
623 451 7
623 720 0
623 686 1
623 493 8
624 709 10
624 634 9
624 285 5
624 526 1
624 196 8
624 809 0
624 925 10
624 795 3
624 778 1
624 271 0
625 464 5
625 456 6
625 277 9
625 331 3
625 954 7
625 800 10
625 499 5
625 439 6
625 993 3
625 783 4
626 631 4
626 191 9
626 314 3
626 300 5
626 217 4
626 67 10
626 50 8
626 302 2
626 338 3
626 410 9
627 457 8
627 681 7
627 217 2
627 539 2
627 607 3
627 424 2
627 26 9
627 661 5
627 890 10
627 955 9
628 512 7
628 237 -1
628 641 5
628 182 2
628 365 3
628 965 9
628 273 10
628 862 9
628 662 6
628 274 1
629 501 7
629 475 4
629 615 6
629 225 9
629 561 5
629 128 6
629 421 0
629 205 7
629 335 4
629 767 2
630 522 8
630 485 6
630 178 6
630 312 8
630 35 9
630 51 9
630 920 9
630 971 6
630 819 6
630 659 5
631 711 2
631 119 2
631 469 3
631 938 1
631 204 4
631 736 9
631 776 9
631 269 9
631 918 2
631 420 0
632 697 2
632 929 2
632 864 1
632 886 3
632 38 8
632 175 4
632 741 8
632 305 0
632 323 2
632 765 1
633 686 5
633 459 8
633 626 9
633 597 6
633 297 8
633 453 4
633 334 5
633 331 2
633 985 1
633 223 3
634 167 1
634 912 6
634 86 2
634 947 2
634 500 5
634 733 2
634 494 7
634 545 4
634 640 9
634 902 3
635 844 6
635 217 0
635 437 9
635 485 3
635 34 7
635 794 1
635 1 0
635 605 0
635 306 4
635 382 8
636 377 -1
636 51 6
636 177 9
636 641 2
636 337 8
636 286 0
636 700 2
636 100 7
636 258 1
636 133 10
637 61 10
637 146 5
637 273 5
637 211 6
637 269 6
637 190 2
637 214 2
637 529 6
637 255 1
637 969 1
638 709 5
638 651 0
638 389 1
638 617 7
638 821 0
638 573 1
638 917 8
638 621 5
638 634 0
638 283 3
639 623 10
639 810 0
639 8 10
639 734 4
639 767 5
639 799 3
639 673 7
639 589 6
639 971 10
639 732 0
640 457 3
640 451 4
640 746 7
640 309 2
640 633 0
640 50 3
640 281 8
640 622 5
640 496 0
640 961 3
641 354 6
641 264 6
641 704 2
641 534 10
641 591 8
641 177 6
641 231 6
641 659 5
641 101 4
641 639 5
642 136 1
642 306 1
642 458 2
642 296 10
642 369 5
642 83 5
642 717 0
642 886 7
642 450 6
642 357 10
643 760 5
643 878 8
643 919 4
643 237 7
643 744 10
643 396 0
643 130 2
643 886 0
643 820 9
643 796 5
644 379 3
644 770 4
644 696 2
644 880 10
644 782 7
644 104 0
644 688 3
644 521 4
644 545 3
644 675 3
645 804 8
645 521 2
645 838 2
645 703 0
645 479 8
645 576 3
645 69 3
645 909 7
645 573 5
645 250 4
646 804 2
646 756 10
646 59 7
646 264 1
646 102 6
646 28 1
646 851 6
646 572 0
646 429 4
646 660 5
647 8 1
647 373 1
647 367 10
647 80 7
647 489 7
647 924 0
647 392 6
647 92 3
647 693 3
647 435 6
648 846 7
648 985 6
648 524 9
648 164 5
648 834 7
648 275 8
648 588 9
648 574 0
648 722 4
648 420 8
649 644 6
649 242 6
649 166 7
649 642 9
649 766 4
649 749 4
649 746 7
649 719 4
649 179 7
649 349 4
650 19 0
650 706 0
650 652 7
650 594 6
650 309 7
650 617 4
650 838 1
650 52 10
650 918 4
650 601 3
651 719 2
651 205 7
651 804 0
651 824 4
651 688 3
651 225 9
651 405 7
651 114 9
651 698 7
651 414 6
652 716 0
652 56 9
652 484 7
652 364 2
652 371 3
652 93 3
652 232 4
652 939 2
652 802 7
652 783 3
653 119 9
653 516 0
653 753 5
653 438 6
653 648 4
653 338 7
653 243 5
653 141 0
653 250 3
653 627 5
654 459 7
654 434 3
654 974 10
654 736 1
654 619 5
654 475 4
654 561 0
654 537 5
654 59 10
654 624 9
655 18 4
655 649 10
655 577 5
655 626 1
655 269 3
655 797 3
655 630 9
655 457 10
655 408 5
655 525 2
656 761 6
656 153 5
656 726 0
656 880 10
656 223 5
656 766 8
656 39 6
656 679 10
656 916 4
656 196 7
657 459 1
657 462 2
657 633 2
657 701 4
657 10 8
657 233 2
657 563 1
657 771 9
657 303 1
657 737 3
658 376 9
658 908 0
658 632 4
658 112 6
658 481 3
658 705 6
658 58 8
658 593 5
658 301 2
658 776 4
659 858 9
659 259 5
659 548 2
659 780 9
659 921 10
659 664 5
659 251 2
659 219 10
659 490 2
659 986 2
660 311 10
660 425 1
660 805 9
660 233 9
660 360 2
660 392 1
660 503 2
660 93 4
660 684 5
660 118 10
661 791 4
661 855 4
661 134 3
661 106 7
661 816 1
661 996 7
661 316 10
661 133 0
661 602 2
661 205 10
662 514 3
662 89 0
662 262 10
662 717 1
662 746 3
662 669 3
662 639 2
662 970 1
662 646 9
662 193 1
663 92 6
663 520 7
663 266 4
663 119 4
663 926 6
663 438 4
663 444 1
663 292 5
663 337 2
663 884 3
664 347 0
664 646 9
664 630 2
664 179 8
664 391 2
664 557 8
664 860 10
664 37 1
664 21 4
664 187 9
665 203 6
665 157 8
665 575 1
665 194 10
665 978 3
665 639 8
665 734 5
665 750 7
665 867 5
665 567 5
666 165 0
666 679 10
666 453 5
666 287 9
666 957 1
666 621 6
666 239 3
666 845 4
666 848 6
666 284 8
667 768 1
667 445 9
667 999 2
667 899 8
667 806 0
667 171 7
667 961 5
667 313 3
667 823 10
667 918 9
668 59 2
668 215 6
668 329 1
668 522 3
668 601 4
668 364 8
668 740 9
668 802 3
668 169 3
668 3 5
669 964 6
669 420 9
669 636 8
669 293 7
669 960 9
669 112 3
669 359 2
669 53 3
669 609 6
669 19 8
670 377 9
670 885 1
670 653 2
670 829 1
670 964 3
670 379 4
670 464 0
670 492 3
670 116 7
670 582 4
671 153 1
671 603 5
671 731 2
671 75 2
671 303 2
671 808 6
671 488 1
671 435 3
671 726 5
671 452 6
672 171 4
672 496 4
672 23 6
672 727 0
672 780 4
672 717 1
672 893 9
672 617 2
672 846 2
672 26 7
673 826 7
673 331 7
673 162 1
673 464 4
673 709 6
673 179 5
673 681 1
673 999 5
673 966 3
673 41 8
674 948 4
674 959 5
674 990 8
674 400 7
674 589 10
674 214 5
674 756 0
674 217 9
674 976 1
674 811 1
675 647 8
675 876 6
675 757 2
675 228 3
675 630 4
675 458 1
675 684 8
675 469 1
675 262 0
675 404 5
676 402 0
676 552 1
676 252 7
676 225 4
676 740 8
676 230 5
676 299 10
676 639 4
676 58 6
676 575 8
677 855 5
677 222 5
677 903 8
677 897 3
677 684 1
677 632 9
677 253 2
677 857 8
677 331 8
677 48 5
678 427 3
678 705 7
678 872 4
678 159 8
678 46 2
678 734 1
678 72 1
678 512 6
678 893 4
678 415 1
679 673 0
679 284 0
679 610 2
679 140 4
679 383 6
679 111 10
679 932 2
679 800 10
679 200 3
679 256 8
680 860 4
680 920 1
680 217 5
680 572 4
680 857 5
680 330 6
680 840 1
680 150 10
680 989 4
680 482 5
681 461 8
681 75 1
681 596 4
681 867 6
681 887 10
681 211 1
681 592 1
681 709 4
681 773 9
681 336 0
682 143 0
682 42 9
682 479 2
682 507 1
682 393 8
682 205 7
682 5 9
682 194 9
682 551 10
682 301 7
683 309 2
683 216 7
683 546 1
683 730 10
683 525 6
683 183 4
683 944 1
683 498 6
683 741 7
683 49 10
684 499 0
684 7 10
684 270 7
684 950 4
684 888 4
684 659 3
684 181 3
684 823 2
684 314 7
684 326 9
685 726 9
685 148 7
685 72 5
685 314 7
685 932 0
685 823 6
685 294 4
685 800 2
685 409 7
685 45 7
686 700 0
686 58 6
686 940 0
686 827 2
686 902 8
686 480 2
686 367 5
686 672 9
686 805 0
686 655 7
687 254 5
687 271 9
687 78 3
687 647 4
687 816 6
687 754 2
687 899 10
687 682 10
687 316 10
687 595 4
688 574 8
688 115 6
688 55 0
688 48 8
688 731 5
688 813 0
688 156 1
688 911 3
688 869 6
688 120 10
689 399 10
689 769 7
689 334 9
689 803 6
689 188 2
689 736 6
689 383 0
689 15 6
689 211 0
689 821 0
690 86 5
690 9 6
690 391 8
690 784 6
690 169 4
690 460 8
690 853 1
690 637 7
690 369 8
690 227 4
691 589 1
691 727 8
691 662 4
691 66 10
691 916 10
691 822 4
691 963 -1
691 949 1
691 710 8
691 438 5
692 557 0
692 841 3
692 182 6
692 481 6
692 756 3
692 435 2
692 413 8
692 425 0
692 379 10
692 10 8
693 959 10
693 543 10
693 745 4
693 984 9
693 147 1
693 451 2
693 720 0
693 456 9
693 390 8
693 155 1
694 638 9
694 745 0
694 692 10
694 227 2
694 24 8
694 823 7
694 379 1
694 270 6
694 659 1
694 541 4
695 587 0
695 512 10
695 238 10
695 722 7
695 788 9
695 326 6
695 297 2
695 364 6
695 240 -1
695 650 9
696 850 3
696 283 3
696 975 5
696 557 9
696 631 2
696 426 5
696 134 3
696 450 6
696 291 2
696 447 8
697 253 6
697 976 9
697 736 8
697 678 10
697 651 2
697 421 8
697 125 8
697 761 3
697 459 9
697 751 9
698 303 0
698 868 6
698 622 10
698 232 9
698 997 10
698 634 7
698 195 0
698 834 4
698 935 8
698 607 5
699 833 0
699 257 3
699 890 5
699 414 4
699 309 5
699 564 10
699 248 0
699 928 6
699 441 5
699 108 6
700 710 8
700 619 8
700 703 1
700 220 6
700 223 0
700 672 9
700 331 7
700 885 1
700 374 7
700 645 3
701 561 3
701 826 10
701 695 10
701 710 1
701 385 5
701 128 8
701 790 4
701 418 3
701 361 2
701 924 10
702 639 3
702 9 8
702 742 0
702 374 6
702 946 6
702 112 5
702 586 9
702 786 1
702 36 6
702 504 5
703 185 5
703 30 3
703 128 8
703 272 7
703 512 4
703 334 4
703 506 4
703 734 0
703 352 1
703 908 1
704 631 0
704 226 8
704 531 9
704 316 4
704 556 8
704 678 1
704 161 8
704 617 2
704 344 1
704 581 4
705 890 4
705 925 7
705 202 0
705 585 3
705 287 3
705 859 0
705 427 7
705 917 6
705 878 6
705 135 1
706 146 3
706 78 6
706 907 8
706 114 10
706 173 4
706 287 4
706 237 6
706 335 9
706 636 3
706 608 3
707 304 1
707 53 6
707 818 7
707 390 3
707 939 0
707 46 0
707 454 9
707 594 0
707 251 1
707 820 7
708 765 7
708 101 2
708 590 9
708 28 1
708 188 0
708 403 3
708 277 0
708 608 8
708 726 9
708 367 6
709 394 7
709 673 9
709 217 1
709 406 6
709 369 1
709 802 4
709 989 2
709 97 -1
709 150 3
709 894 7
710 112 4
710 468 7
710 827 4
710 632 1
710 512 7
710 730 3
710 469 2
710 406 1
710 461 7
710 104 4
711 245 0
711 776 1
711 284 8
711 86 4
711 104 3
711 774 4
711 646 0
711 586 9
711 966 2
711 660 10
712 816 0
712 92 0
712 488 1
712 758 7
712 569 5
712 476 10
712 869 -1
712 466 7
712 338 10
712 882 8
713 300 1
713 472 5
713 828 10
713 350 4
713 990 4
713 809 4
713 698 4
713 730 5
713 294 1
713 297 9
714 498 7
714 393 3
714 733 3
714 58 1
714 327 1
714 204 4
714 541 2
714 128 10
714 177 3
714 542 0
715 460 10
715 212 4
715 122 3
715 785 0
715 632 8
715 430 4
715 834 -1
715 921 10
715 509 8
715 984 3
716 130 6
716 177 5
716 777 1
716 517 8
716 407 10
716 98 6
716 814 7
716 302 4
716 74 2
716 548 8
717 963 0
717 293 0
717 445 8
717 830 1
717 204 2
717 212 3
717 523 4
717 45 10
717 696 8
717 501 0
718 923 6
718 943 1
718 8 5
718 641 10
718 167 6
718 829 0
718 695 1
718 197 5
718 73 10
718 273 5
719 211 8
719 632 4
719 88 1
719 331 10
719 748 1
719 994 5
719 710 4
719 598 5
719 361 5
719 707 6
720 644 3
720 627 2
720 861 8
720 466 2
720 715 8
720 5 2
720 215 10
720 566 9
720 345 0
720 407 4
721 676 5
721 237 7
721 742 3
721 879 5
721 177 0
721 169 10
721 852 3
721 432 5
721 939 9
721 755 5
722 242 3
722 406 4
722 299 5
722 320 9
722 9 3
722 797 1
722 513 7
722 806 5
722 60 5
722 897 8
723 303 6
723 765 3
723 684 8
723 862 9
723 232 4
723 139 4
723 880 6
723 428 3
723 678 3
723 897 9
724 80 0
724 949 1
724 192 10
724 478 6
724 128 5
724 186 10
724 927 2
724 196 3
724 877 5
724 849 5
725 195 9
725 362 7
725 965 5
725 336 3
725 217 6
725 962 10
725 15 8
725 557 0
725 817 10
725 385 9
726 823 4
726 528 1
726 964 5
726 101 1
726 373 10
726 241 7
726 509 4
726 83 2
726 561 7
726 102 8
727 492 9
727 977 5
727 312 6
727 26 7
727 807 10
727 701 4
727 833 1
727 832 10
727 199 3
727 671 3
728 999 6
728 611 4
728 57 7
728 658 1
728 952 0
728 609 0
728 543 1
728 884 6
728 731 4
728 472 0
729 319 9
729 642 8
729 186 10
729 509 6
729 164 9
729 799 0
729 622 9
729 911 9
729 15 10
729 215 8
730 58 0
730 552 10
730 227 7
730 446 3
730 829 2
730 704 2
730 426 4
730 13 5
730 898 6
730 273 0
731 627 6
731 259 5
731 345 10
731 140 1
731 15 0
731 490 10
731 890 2
731 764 4
731 129 9
731 688 9
732 213 2
732 338 6
732 487 3
732 705 0
732 772 0
732 329 3
732 272 6
732 590 1
732 852 9
732 948 3
733 707 9
733 610 5
733 863 1
733 226 1
733 900 0
733 249 8
733 553 3
733 229 4
733 761 5
733 49 8
734 199 1
734 539 9
734 723 9
734 632 2
734 484 0
734 507 2
734 699 4
734 757 4
734 865 3
734 433 1
735 988 0
735 841 7
735 838 7
735 883 9
735 649 8
735 622 8
735 209 8
735 828 7
735 348 2
735 502 3
736 714 10
736 231 1
736 262 10
736 917 0
736 162 2
736 633 -1
736 362 6
736 570 2
736 201 8
736 902 5
737 807 2
737 995 2
737 462 2
737 725 6
737 167 4
737 766 2
737 244 4
737 158 2
737 939 1
737 611 4
738 12 1
738 377 8
738 866 10
738 104 10
738 311 1
738 201 0
738 872 9
738 613 4
738 131 8
738 193 10
739 512 9
739 467 6
739 358 5
739 882 8
739 998 4
739 543 10
739 533 7
739 588 0
739 29 1
739 216 2
740 853 8
740 244 10
740 70 9
740 307 7
740 211 7
740 112 4
740 284 8
740 480 5
740 300 5
740 240 6
741 800 7
741 560 5
741 816 4
741 376 8
741 255 9
741 798 8
741 651 5
741 324 3
741 525 9
741 949 9
742 42 4
742 327 9
742 794 10
742 947 9
742 31 0
742 548 0
742 467 10
742 513 8
742 745 7
742 421 10
743 995 7
743 512 2
743 819 7
743 142 9
743 339 8
743 126 4
743 775 8
743 591 10
743 319 7
743 37 10
744 634 4
744 97 1
744 60 7
744 451 1
744 57 2
744 284 10
744 255 6
744 870 2
744 927 5
744 900 4
745 59 7
745 408 3
745 99 4
745 119 2
745 635 3
745 216 4
745 158 10
745 6 0
745 595 10
745 955 5
746 818 1
746 515 1
746 895 1
746 379 0
746 228 2
746 34 2
746 41 7
746 738 4
746 928 5
746 323 4
747 816 2
747 592 8
747 225 5
747 862 1
747 390 3
747 723 10
747 406 1
747 738 1
747 222 7
747 116 8
748 30 8
748 57 2
748 442 10
748 309 4
748 261 4
748 237 9
748 184 10
748 868 8
748 284 0
748 338 3
749 14 10
749 100 3
749 147 6
749 395 10
749 562 8
749 456 8
749 258 7
749 786 9
749 418 10
749 522 1
750 657 0
750 829 3
750 77 1
750 626 2
750 390 5
750 576 4
750 92 3
750 556 6
750 252 0
750 89 7
751 471 9
751 331 1
751 641 1
751 234 3
751 520 0
751 868 1
751 871 6
751 83 1
751 244 7
751 158 1
752 732 9
752 951 0
752 370 10
752 509 2
752 874 5
752 582 8
752 197 1
752 736 10
752 944 0
752 340 7
753 633 8
753 135 8
753 671 9
753 138 9
753 468 5
753 401 9
753 954 5
753 373 6
753 491 1
753 880 7
754 664 4
754 7 2
754 394 9
754 543 4
754 135 9
754 910 1
754 324 6
754 368 0
754 413 9
754 894 9
755 48 3
755 627 1
755 103 7
755 654 6
755 575 10
755 475 1
755 517 1
755 208 0
755 986 1
755 152 6
756 922 10
756 502 8
756 682 9
756 874 8
756 992 7
756 173 10
756 719 4
756 151 7
756 822 3
756 119 5
757 896 4
757 363 0
757 245 8
757 831 8
757 436 8
757 842 4
757 544 5
757 536 3
757 302 9
757 759 0
758 179 8
758 217 5
758 184 1
758 391 6
758 269 5
758 786 5
758 790 5
758 91 7
758 19 1
758 769 7
759 89 1
759 542 7
759 719 10
759 505 1
759 588 7
759 624 5
759 952 8
759 196 8
759 48 1
759 815 4
760 694 10
760 103 4
760 421 3
760 232 7
760 171 1
760 170 6
760 482 10
760 668 1
760 448 9
760 725 5
761 201 7
761 50 9
761 401 0
761 62 3
761 119 9
761 907 7
761 3 0
761 85 5
761 276 1
761 362 4
762 224 3
762 103 6
762 81 1
762 460 3
762 601 7
762 891 10
762 228 4
762 858 10
762 184 8
762 629 5
763 472 10
763 956 0
763 666 8
763 826 8
763 536 4
763 190 6
763 817 8
763 532 2
763 968 7
763 795 7
764 276 8
764 710 0
764 171 3
764 86 5
764 909 8
764 839 5
764 877 6
764 278 8
764 151 2
764 345 10
765 588 5
765 651 3
765 523 7
765 701 4
765 218 3
765 689 9
765 676 9
765 688 5
765 622 0
765 705 2
766 351 3
766 923 4
766 770 0
766 119 5
766 690 1
766 601 7
766 325 5
766 715 8
766 292 2
766 667 1
767 695 10
767 474 9
767 504 2
767 545 4
767 811 9
767 623 2
767 632 6
767 304 7
767 449 2
767 838 2
768 424 2
768 807 8
768 837 8
768 829 0
768 614 9
768 916 9
768 354 6
768 536 6
768 584 9
768 830 0
769 642 2
769 156 9
769 567 7
769 865 6
769 216 9
769 524 6
769 260 10
769 422 9
769 388 7
769 665 10
770 411 9
770 204 5
770 350 8
770 909 2
770 54 0
770 72 7
770 211 4
770 56 10
770 48 0
770 886 3
771 787 8
771 276 9
771 535 8
771 407 0
771 729 10
771 341 6
771 21 0
771 372 8
771 625 0
771 772 4
772 443 10
772 176 4
772 704 4
772 75 10
772 591 4
772 219 8
772 164 4
772 737 5
772 541 2
772 930 5
773 663 1
773 616 4
773 721 8
773 887 7
773 976 5
773 678 8
773 468 0
773 824 4
773 455 2
773 426 1
774 424 6
774 347 1
774 615 0
774 992 1
774 56 6
774 932 9
774 264 10
774 346 8
774 978 3
774 262 5
775 480 9
775 45 3
775 876 10
775 785 6
775 899 0
775 205 8
775 974 7
775 592 4
775 329 0
775 560 2
776 975 7
776 457 3
776 504 6
776 126 7
776 822 9
776 501 8
776 801 7
776 937 7
776 221 0
776 282 10
777 18 2
777 692 7
777 19 6
777 998 3
777 338 6
777 16 8
777 976 2
777 108 8
777 406 5
777 869 7
778 674 2
778 401 2
778 451 1
778 920 1
778 816 10
778 731 9
778 894 6
778 927 2
778 34 10
778 729 5
779 993 2
779 815 4
779 656 10
779 291 9
779 525 9
779 176 7
779 271 10
779 847 10
779 987 4
779 826 4
780 821 10
780 805 5
780 590 5
780 835 9
780 242 7
780 339 2
780 788 2
780 914 1
780 900 1
780 605 3
781 952 7
781 174 7
781 227 0
781 143 3
781 79 4
781 728 4
781 985 5
781 636 8
781 405 6
781 591 9
782 406 6
782 471 0
782 641 1
782 196 3
782 270 10
782 194 5
782 122 5
782 648 5
782 525 8
782 806 2
783 313 4
783 91 1
783 702 3
783 634 7
783 945 10
783 800 4
783 253 8
783 629 2
783 410 1
783 441 6
784 582 7
784 778 7
784 141 7
784 118 7
784 834 1
784 399 4
784 244 4
784 900 1
784 377 4
784 13 9
785 559 9
785 157 5
785 238 3
785 737 6
785 835 9
785 536 0
785 892 6
785 359 2
785 851 9
785 897 3
786 973 4
786 211 10
786 258 3
786 480 9
786 369 4
786 745 5
786 394 1
786 490 9
786 461 1
786 156 9
787 591 7
787 231 8
787 71 5
787 824 4
787 792 10
787 914 5
787 709 3
787 76 5
787 389 9
787 975 2
788 508 1
788 493 8
788 630 3
788 905 2
788 271 0
788 679 5
788 93 7
788 811 0
788 496 1
788 919 9
789 380 9
789 458 9
789 224 10
789 818 9
789 715 3
789 554 10
789 269 9
789 477 6
789 182 8
789 423 2
790 333 6
790 530 10
790 688 7
790 220 6
790 413 5
790 739 2
790 966 8
790 403 6
790 993 10
790 148 9
791 130 0
791 862 1
791 728 3
791 153 9
791 960 7
791 6 2
791 963 9
791 994 2
791 227 3
791 633 6
792 389 10
792 42 9
792 262 2
792 807 7
792 25 9
792 428 6
792 90 10
792 536 8
792 626 8
792 641 7
793 249 10
793 41 1
793 89 6
793 612 1
793 821 1
793 659 3
793 682 8
793 107 9
793 275 7
793 797 3
794 191 9
794 154 10
794 310 0
794 954 8
794 587 2
794 295 8
794 387 3
794 181 0
794 203 4
794 477 10
795 728 5
795 85 3
795 705 2
795 878 7
795 686 6
795 338 10
795 863 6
795 511 10
795 899 9
795 922 6
796 943 3
796 419 10
796 407 2
796 873 2
796 954 9
796 241 5
796 679 1
796 432 10
796 272 8
796 606 0
797 833 0
797 656 0
797 50 3
797 106 2
797 696 2
797 956 0
797 718 8
797 722 1
797 475 5
797 374 9
798 315 4
798 38 2
798 911 3
798 706 8
798 816 1
798 728 8
798 6 1
798 201 5
798 349 2
798 742 2
799 765 1
799 674 3
799 116 5
799 986 8
799 700 8
799 151 0
799 852 10
799 937 1
799 472 8
799 52 3
800 201 0
800 867 2
800 826 10
800 440 4
800 616 6
800 640 0
800 403 4
800 648 4
800 90 10
800 599 8
801 324 8
801 113 3
801 35 3
801 579 7
801 977 8
801 153 0
801 520 4
801 166 6
801 486 0
801 878 5
802 943 5
802 561 10
802 318 3
802 515 4
802 25 0
802 964 3
802 717 10
802 334 8
802 933 6
802 622 3
803 694 9
803 390 1
803 83 6
803 560 2
803 357 9
803 687 9
803 126 8
803 275 7
803 237 0
803 837 7
804 745 2
804 626 7
804 352 9
804 129 0
804 685 5
804 146 5
804 838 0
804 319 4
804 770 1
804 884 7
805 672 2
805 609 0
805 40 9
805 960 10
805 593 5
805 788 1
805 356 9
805 42 8
805 944 6
805 745 9
806 759 5
806 389 3
806 224 3
806 631 8
806 830 3
806 462 3
806 800 4
806 782 0
806 29 8
806 649 7
807 190 7
807 320 5
807 473 8
807 886 4
807 410 5
807 657 9
807 105 4
807 918 10
807 68 6
807 704 3
808 830 5
808 121 3
808 472 4
808 374 8
808 547 7
808 143 0
808 131 9
808 406 9
808 100 6
808 949 7
809 471 5
809 245 1
809 876 6
809 602 9
809 838 7
809 344 7
809 793 4
809 383 7
809 708 0
809 880 9
810 633 8
810 636 4
810 912 9
810 969 8
810 764 2
810 763 0
810 977 8
810 773 7
810 387 5
810 403 1
811 239 3
811 867 6
811 163 0
811 12 10
811 677 5
811 809 8
811 219 1
811 496 5
811 538 10
811 526 5
812 907 1
812 376 4
812 670 5
812 15 10
812 857 8
812 288 6
812 127 1
812 176 9
812 602 9
812 102 10
813 360 3
813 950 3
813 373 9
813 565 7
813 672 4
813 917 2
813 798 1
813 621 8
813 871 9
813 784 9
814 706 8
814 946 4
814 792 0
814 615 3
814 875 7
814 876 9
814 611 5
814 142 7
814 36 0
814 416 3
815 235 2
815 561 1
815 858 1
815 148 5
815 525 7
815 929 6
815 222 7
815 103 7
815 952 8
815 649 8
816 335 5
816 622 9
816 634 3
816 4 8
816 217 1
816 700 10
816 506 2
816 2 3
816 472 9
816 918 0
817 389 5
817 491 0
817 608 7
817 364 1
817 189 9
817 60 7
817 496 4
817 837 10
817 508 10
817 680 8
818 332 9
818 370 3
818 185 0
818 607 9
818 906 8
818 805 6
818 910 2
818 91 5
818 191 7
818 19 8
819 848 9
819 866 2
819 233 2
819 635 9
819 732 9
819 909 7
819 106 2
819 856 7
819 885 7
819 81 1
820 432 7
820 742 0
820 274 5
820 366 6
820 848 2
820 334 5
820 565 6
820 703 0
820 343 8
820 724 9
821 173 5
821 415 9
821 514 9
821 721 8
821 418 7
821 563 0
821 698 2
821 234 2
821 724 2
821 101 5
822 899 5
822 131 1
822 272 2
822 703 1
822 911 0
822 976 7
822 985 5
822 52 7
822 419 3
822 672 2
823 52 5
823 241 3
823 547 2
823 416 9
823 514 8
823 610 7
823 375 3
823 123 8
823 399 4
823 920 9
824 870 3
824 187 9
824 842 3
824 393 3
824 435 8
824 688 2
824 465 7
824 259 9
824 470 2
824 653 1
825 944 8
825 243 8
825 326 9
825 925 1
825 286 9
825 446 0
825 415 3
825 305 4
825 171 8
825 429 2
826 554 7
826 782 2
826 726 7
826 831 7
826 663 9
826 691 9
826 165 7
826 546 6
826 592 10
826 348 2
827 850 9
827 451 4
827 800 6
827 11 6
827 891 1
827 623 3
827 540 0
827 965 3
827 189 0
827 430 9
828 650 7
828 347 0
828 71 3
828 262 10
828 802 5
828 336 8
828 22 3
828 61 1
828 21 9
828 296 6
829 897 0
829 937 6
829 82 2
829 927 4
829 834 6
829 190 3
829 7 9
829 711 3
829 995 10
829 369 4
830 468 2
830 945 1
830 804 9
830 893 9
830 423 9
830 590 10
830 243 5
830 191 9
830 967 4
830 6 6
831 630 1
831 572 7
831 730 6
831 160 8
831 755 2
831 209 5
831 501 10
831 915 0
831 711 8
831 516 4
832 260 4
832 659 6
832 452 3
832 806 1
832 565 4
832 626 7
832 595 7
832 148 1
832 506 0
832 499 5
833 738 8
833 610 5
833 882 1
833 534 7
833 307 6
833 533 7
833 617 5
833 404 10
833 55 1
833 743 7
834 400 0
834 845 2
834 762 5
834 926 6
834 900 3
834 775 0
834 375 9
834 345 4
834 936 7
834 83 5
835 54 0
835 414 0
835 783 7
835 51 8
835 497 0
835 621 5
835 937 1
835 418 8
835 806 10
835 312 0
836 649 8
836 900 8
836 179 2
836 814 9
836 910 9
836 572 9
836 458 9
836 429 1
836 104 3
836 385 7
837 797 7
837 868 3
837 698 3
837 671 0
837 369 8
837 668 3
837 74 2
837 297 9
837 529 2
837 421 6
838 331 2
838 797 2
838 417 8
838 918 0
838 739 8
838 100 2
838 476 9
838 89 5
838 19 8
838 14 2
839 89 7
839 126 4
839 338 4
839 608 1
839 619 3
839 765 1
839 320 6
839 840 7
839 757 1
839 346 4
840 105 0
840 632 9
840 29 0
840 676 7
840 865 5
840 131 3
840 434 3
840 449 6
840 207 6
840 765 6
841 516 9
841 474 1
841 971 8
841 60 1
841 128 5
841 418 6
841 46 9
841 614 0
841 283 10
841 269 3
842 777 7
842 948 5
842 720 5
842 662 10
842 29 4
842 32 3
842 603 5
842 941 4
842 650 4
842 436 9
843 115 9
843 103 0
843 195 5
843 250 0
843 831 0
843 817 8
843 795 5
843 519 8
843 33 8
843 416 7
844 645 3
844 139 7
844 28 9
844 73 1
844 571 4
844 89 4
844 222 8
844 858 4
844 906 6
844 285 4
845 172 3
845 692 5
845 574 4
845 152 8
845 534 7
845 219 9
845 736 10
845 641 6
845 673 2
845 547 9
846 924 4
846 296 0
846 290 5
846 822 3
846 365 0
846 127 1
846 28 7
846 801 7
846 658 1
846 591 0
847 978 4
847 492 6
847 74 2
847 503 1
847 38 5
847 991 9
847 113 3
847 900 2
847 304 6
847 650 0
848 849 8
848 447 2
848 215 0
848 417 5
848 406 9
848 661 1
848 813 10
848 933 5
848 581 5
848 23 4
849 499 5
849 611 10
849 903 7
849 95 7
849 8 9
849 486 8
849 665 2
849 122 9
849 761 3
849 734 6
850 509 0
850 141 8
850 899 3
850 108 5
850 427 2
850 960 1
850 246 4
850 531 2
850 933 4
850 271 1
851 735 4
851 781 5
851 227 -1
851 862 0
851 542 4
851 888 3
851 348 4
851 734 5
851 267 1
851 829 7
852 526 7
852 190 0
852 233 6
852 908 2
852 686 1
852 825 2
852 494 10
852 975 7
852 683 8
852 33 5
853 610 4
853 621 1
853 620 6
853 41 0
853 597 6
853 516 0
853 336 6
853 820 10
853 465 3
853 756 1
854 248 7
854 155 0
854 91 2
854 732 2
854 711 2
854 981 6
854 638 3
854 470 4
854 457 4
854 343 1
855 380 7
855 98 0
855 992 3
855 648 6
855 515 5
855 829 3
855 342 4
855 353 5
855 16 0
855 704 1
856 801 2
856 580 6
856 390 7
856 634 3
856 354 0
856 167 1
856 148 1
856 193 4
856 836 10
856 161 6
857 249 10
857 52 6
857 735 7
857 996 2
857 714 10
857 310 2
857 723 0
857 43 8
857 950 3
857 746 6
858 336 5
858 576 1
858 19 10
858 179 10
858 4 5
858 964 3
858 564 8
858 458 1
858 857 6
858 487 5
859 367 6
859 905 6
859 393 6
859 660 2
859 323 8
859 454 2
859 792 -1
859 842 9
859 577 2
859 203 2
860 896 0
860 234 1
860 972 7
860 824 2
860 67 8
860 498 4
860 352 2
860 182 10
860 364 7
860 374 4
861 439 8
861 108 10
861 804 3
861 22 8
861 377 9
861 1 7
861 689 9
861 29 9
861 599 4
861 835 7
862 669 1
862 174 7
862 300 5
862 738 6
862 454 10
862 820 8
862 884 5
862 865 0
862 909 7
862 123 7
863 470 9
863 627 6
863 873 7
863 71 5
863 429 7
863 129 0
863 769 1
863 615 5
863 803 6
863 54 4
864 228 5
864 881 4
864 527 0
864 982 1
864 261 10
864 252 2
864 934 2
864 967 2
864 179 3
864 259 6
865 19 10
865 928 5
865 223 4
865 957 7
865 962 7
865 812 4
865 25 1
865 331 6
865 551 7
865 340 0
866 369 3
866 250 9
866 700 4
866 753 4
866 331 10
866 325 6
866 764 8
866 667 3
866 284 4
866 927 4
867 707 0
867 135 4
867 365 0
867 721 4
867 929 4
867 15 8
867 463 0
867 219 2
867 449 1
867 466 10
868 375 1
868 54 5
868 175 4
868 453 1
868 352 5
868 580 6
868 384 4
868 710 3
868 885 1
868 340 3
869 678 2
869 409 3
869 288 10
869 226 4
869 182 1
869 448 5
869 299 2
869 792 6
869 169 2
869 114 4
870 142 5
870 39 10
870 699 9
870 583 2
870 572 8
870 477 4
870 110 5
870 797 4
870 325 3
870 55 1
871 181 3
871 909 3
871 945 0
871 269 7
871 445 8
871 705 4
871 759 3
871 898 1
871 13 9
871 200 10
872 374 7
872 890 2
872 435 6
872 612 9
872 707 5
872 464 0
872 299 6
872 686 2
872 689 6
872 865 4
873 31 6
873 640 7
873 42 4
873 870 2
873 128 6
873 187 8
873 586 6
873 681 7
873 269 8
873 898 4
874 703 1
874 761 0
874 550 5
874 258 8
874 458 3
874 135 4
874 275 5
874 47 5
874 217 1
874 618 4
875 436 4
875 143 4
875 399 5
875 161 5
875 622 2
875 966 3
875 145 6
875 904 7
875 2 3
875 284 5
876 175 2
876 898 0
876 699 6
876 759 10
876 493 3
876 167 9
876 19 1
876 419 4
876 449 4
876 383 2
877 592 4
877 917 1
877 416 7
877 711 1
877 923 1
877 720 1
877 958 2
877 339 3
877 338 8
877 613 7
878 35 3
878 475 1
878 9 10
878 82 8
878 494 7
878 519 5
878 669 1
878 173 5
878 27 7
878 776 3
879 750 1
879 263 7
879 823 3
879 330 1
879 821 5
879 998 5
879 631 3
879 12 10
879 23 9
879 984 9
880 951 9
880 95 9
880 688 2
880 486 7
880 959 4
880 793 6
880 899 9
880 160 2
880 542 9
880 610 4
881 212 6
881 932 0
881 253 6
881 476 4
881 794 3
881 812 3
881 760 2
881 631 8
881 207 8
881 329 5
882 462 0
882 999 1
882 142 4
882 597 4
882 54 8
882 884 3
882 221 10
882 55 0
882 498 6
882 678 2
883 700 4
883 369 4
883 960 -1
883 832 7
883 20 0
883 606 1
883 140 4
883 880 3
883 620 5
883 686 8
884 609 10
884 130 7
884 602 0
884 320 6
884 714 10
884 149 6
884 592 2
884 62 9
884 379 8
884 760 8
885 210 5
885 408 4
885 547 2
885 478 9
885 346 4
885 123 9
885 724 7
885 847 10
885 324 5
885 575 6
886 796 3
886 706 8
886 508 8
886 288 1
886 272 6
886 739 1
886 25 4
886 575 2
886 394 1
886 599 9
887 32 1
887 685 3
887 825 1
887 459 0
887 715 3
887 565 2
887 999 0
887 534 10
887 485 8
887 530 3
888 421 9
888 955 6
888 514 8
888 886 2
888 198 1
888 940 6
888 909 1
888 196 8
888 868 6
888 714 9
889 225 5
889 517 0
889 728 3
889 771 4
889 810 7
889 170 9
889 214 7
889 749 7
889 753 7
889 790 9
890 232 9
890 210 8
890 675 3
890 230 0
890 198 0
890 719 8
890 738 0
890 629 8
890 1 9
890 923 7
891 184 6
891 513 5
891 65 10
891 194 9
891 979 3
891 527 0
891 404 4
891 909 6
891 415 10
891 83 6
892 854 8
892 615 0
892 336 3
892 659 0
892 698 4
892 107 1
892 66 1
892 555 10
892 598 6
892 474 0
893 146 6
893 783 1
893 142 0
893 980 3
893 151 8
893 703 4
893 302 9
893 95 8
893 704 1
893 677 8
894 228 3
894 513 7
894 931 2
894 306 9
894 934 8
894 718 0
894 212 3
894 454 8
894 701 1
894 12 5
895 416 1
895 208 1
895 984 3
895 145 2
895 630 6
895 848 2
895 561 3
895 610 2
895 476 7
895 65 7
896 230 6
896 486 4
896 769 7
896 490 0
896 629 0
896 596 6
896 821 10
896 209 10
896 277 6
896 451 2
897 672 4
897 78 4
897 739 6
897 909 4
897 32 9
897 464 3
897 916 3
897 142 1
897 174 8
897 272 7
898 520 0
898 64 0
898 618 8
898 709 8
898 427 3
898 647 9
898 681 8
898 371 8
898 223 9
898 390 0
899 195 8
899 610 7
899 2 5
899 156 4
899 674 6
899 597 3
899 94 8
899 167 5
899 749 0
899 913 10
900 834 7
900 818 7
900 787 8
900 940 6
900 148 4
900 137 1
900 969 8
900 822 7
900 398 8
900 327 8
901 83 2
901 442 10
901 564 10
901 762 3
901 968 4
901 680 5
901 211 7
901 749 0
901 577 5
901 844 7
902 248 8
902 277 10
902 346 8
902 666 1
902 412 4
902 257 5
902 291 0
902 652 1
902 173 3
902 672 8
903 766 3
903 515 4
903 581 0
903 284 4
903 733 2
903 415 9
903 574 4
903 931 6
903 162 5
903 818 1
904 632 0
904 37 6
904 361 3
904 982 1
904 627 10
904 824 2
904 704 9
904 255 3
904 867 1
904 783 10
905 623 0
905 524 0
905 116 7
905 182 9
905 418 5
905 575 6
905 738 4
905 630 7
905 859 2
905 414 6
906 393 9
906 827 6
906 873 8
906 497 0
906 970 2
906 211 5
906 231 10
906 406 4
906 916 6
906 11 1
907 689 8
907 184 7
907 487 1
907 542 10
907 443 3
907 246 10
907 879 6
907 900 10
907 442 5
907 725 0
908 689 9
908 684 9
908 273 4
908 148 2
908 435 1
908 703 9
908 614 4
908 625 2
908 85 10
908 303 4
909 789 4
909 109 0
909 90 7
909 956 6
909 412 6
909 806 9
909 353 8
909 46 6
909 424 7
909 385 6
910 708 1
910 914 0
910 688 9
910 641 10
910 418 4
910 129 0
910 629 2
910 21 3
910 171 8
910 227 2
911 775 2
911 245 3
911 469 4
911 336 0
911 822 2
911 820 1
911 541 6
911 966 7
911 814 10
911 902 4
912 111 5
912 314 7
912 658 8
912 576 9
912 932 1
912 290 7
912 985 7
912 140 7
912 64 4
912 381 4
913 883 2
913 548 2
913 529 8
913 565 2
913 175 9
913 491 6
913 889 7
913 437 6
913 162 4
913 37 6
914 614 10
914 912 6
914 32 7
914 58 2
914 546 6
914 694 1
914 627 2
914 489 9
914 480 4
914 466 8
915 975 7
915 246 7
915 369 7
915 328 1
915 86 10
915 773 0
915 883 10
915 91 10
915 167 8
915 334 10
916 8 9
916 92 1
916 334 2
916 802 1
916 528 3
916 914 7
916 39 0
916 288 8
916 451 8
916 119 10
917 235 7
917 162 7
917 932 1
917 553 4
917 898 4
917 166 0
917 630 4
917 776 9
917 101 10
917 492 8
918 590 0
918 412 6
918 191 4
918 126 8
918 183 4
918 334 0
918 855 9
918 454 9
918 847 2
918 730 4
919 76 3
919 382 5
919 938 0
919 403 8
919 571 6
919 745 8
919 830 1
919 10 0
919 169 10
919 359 10
920 19 9
920 971 0
920 372 8
920 991 1
920 829 1
920 164 9
920 138 8
920 269 2
920 654 9
920 903 9
921 392 5
921 260 0
921 532 4
921 443 5
921 328 8
921 363 8
921 846 7
921 717 6
921 557 4
921 635 10
922 200 1
922 447 7
922 430 10
922 317 0
922 512 9
922 213 7
922 230 5
922 296 7
922 293 1
922 773 9
923 16 5
923 633 4
923 802 1
923 328 7
923 973 5
923 392 5
923 867 3
923 289 9
923 871 0
923 605 10
924 234 4
924 880 5
924 909 4
924 755 8
924 394 6
924 14 6
924 863 0
924 342 3
924 827 5
924 296 4
925 307 0
925 908 0
925 341 3
925 540 5
925 471 5
925 795 4
925 20 7
925 487 4
925 722 8
925 456 4
926 494 9
926 364 8
926 640 7
926 642 10
926 155 3
926 142 9
926 774 0
926 555 10
926 909 3
926 674 3
927 894 9
927 588 10
927 686 3
927 517 1
927 64 4
927 299 8
927 561 7
927 221 8
927 956 1
927 16 8
928 728 8
928 229 8
928 875 9
928 451 3
928 62 1
928 341 8
928 715 2
928 514 9
928 250 8
928 190 9
929 123 8
929 18 2
929 985 6
929 82 9
929 555 2
929 237 4
929 309 10
929 182 5
929 464 5
929 50 6
930 367 6
930 655 4
930 402 10
930 321 0
930 588 2
930 238 8
930 829 1
930 471 10
930 211 9
930 285 1
931 507 1
931 366 10
931 732 4
931 233 8
931 45 9
931 778 10
931 215 9
931 445 5
931 452 4
931 805 10
932 293 9
932 664 9
932 703 7
932 228 4
932 35 8
932 689 1
932 807 8
932 135 3
932 675 1
932 381 8
933 634 0
933 421 5
933 476 9
933 192 7
933 414 4
933 392 5
933 172 4
933 622 2
933 549 2
933 923 3
934 411 5
934 703 9
934 262 4
934 726 6
934 313 4
934 166 5
934 412 1
934 966 1
934 667 7
934 367 6
935 980 6
935 217 2
935 305 10
935 74 3
935 758 1
935 136 10
935 102 5
935 1 6
935 297 3
935 316 4
936 425 8
936 61 5
936 161 2
936 377 10
936 471 1
936 612 2
936 423 6
936 144 9
936 389 9
936 370 6
937 431 10
937 943 1
937 569 6
937 96 3
937 237 2
937 880 3
937 764 0
937 410 4
937 328 8
937 427 8
938 257 1
938 75 5
938 110 0
938 927 5
938 713 8
938 691 9
938 16 5
938 809 2
938 833 9
938 297 6
939 566 0
939 96 5
939 67 8
939 716 2
939 393 8
939 7 6
939 644 3
939 760 2
939 870 9
939 884 8
940 369 2
940 452 4
940 694 7
940 719 3
940 494 2
940 207 8
940 32 5
940 853 2
940 199 5
940 832 2
941 81 0
941 818 8
941 508 3
941 832 3
941 333 0
941 976 1
941 40 8
941 54 2
941 794 1
941 848 6
942 127 7
942 638 6
942 866 8
942 357 9
942 627 9
942 937 7
942 356 7
942 548 9
942 422 3
942 235 10
943 939 6
943 24 3
943 56 10
943 922 7
943 844 3
943 857 8
943 468 6
943 124 10
943 853 2
943 825 8
944 766 7
944 874 2
944 396 10
944 147 10
944 946 10
944 82 7
944 990 1
944 821 9
944 241 8
944 974 5
945 918 7
945 377 2
945 856 10
945 115 1
945 169 6
945 308 3
945 577 6
945 244 4
945 420 0
945 711 7
946 644 10
946 768 2
946 884 3
946 541 10
946 638 4
946 992 8
946 538 7
946 534 4
946 690 8
946 131 4
947 565 6
947 66 7
947 232 6
947 849 7
947 195 10
947 727 0
947 119 4
947 283 8
947 52 5
947 611 8
948 925 2
948 718 3
948 601 5
948 635 9
948 636 8
948 730 6
948 364 10
948 767 9
948 665 5
948 196 5
949 727 3
949 563 4
949 570 6
949 610 1
949 230 1
949 175 1
949 832 2
949 642 9
949 845 7
949 516 6
950 896 2
950 654 6
950 413 1
950 916 6
950 980 4
950 886 8
950 47 2
950 151 8
950 368 1
950 728 5
951 148 2
951 162 3
951 833 7
951 374 4
951 935 1
951 63 4
951 797 4
951 211 8
951 840 0
951 975 1
952 134 2
952 681 8
952 920 0
952 891 10
952 723 10
952 998 10
952 34 4
952 748 4
952 963 3
952 216 3
953 693 4
953 224 8
953 944 10
953 35 0
953 852 1
953 156 5
953 600 10
953 930 1
953 139 8
953 567 6
954 202 2
954 94 3
954 271 7
954 552 1
954 875 1
954 131 8
954 558 7
954 676 2
954 404 3
954 249 5
955 91 3
955 7 9
955 117 8
955 302 4
955 317 5
955 695 10
955 245 4
955 705 1
955 509 7
955 664 0
956 465 4
956 636 0
956 951 4
956 899 1
956 770 1
956 66 0
956 361 8
956 821 8
956 718 0
956 103 9
957 14 1
957 161 9
957 129 2
957 280 1
957 379 2
957 802 0
957 425 10
957 58 1
957 961 7
957 831 9
958 526 7
958 816 9
958 39 6
958 567 5
958 158 5
958 537 6
958 523 1
958 324 10
958 586 8
958 383 1
959 965 8
959 566 2
959 241 5
959 505 2
959 803 6
959 879 7
959 967 1
959 693 2
959 689 10
959 379 1
960 799 6
960 563 7
960 4 0
960 251 1
960 336 10
960 996 0
960 70 5
960 722 3
960 477 4
960 963 0
961 901 10
961 584 7
961 402 3
961 910 2
961 310 10
961 850 10
961 336 4
961 39 2
961 943 9
961 628 1
962 120 7
962 467 0
962 275 7
962 597 2
962 331 7
962 800 9
962 965 4
962 84 4
962 368 5
962 891 0
963 880 4
963 469 6
963 451 7
963 614 3
963 973 4
963 78 0
963 227 4
963 372 4
963 58 0
963 865 -1
964 960 7
964 856 8
964 863 8
964 265 2
964 740 0
964 1000 9
964 395 8
964 129 10
964 151 0
964 981 2
965 429 3
965 457 8
965 541 5
965 867 6
965 646 8
965 643 10
965 565 6
965 791 7
965 757 0
965 667 9
966 445 0
966 613 4
966 490 10
966 891 5
966 624 6
966 930 3
966 507 8
966 769 7
966 866 2
966 773 0
967 42 5
967 425 7
967 711 8
967 170 4
967 673 0
967 229 6
967 313 4
967 886 8
967 501 7
967 669 4
968 581 2
968 946 4
968 326 6
968 16 8
968 728 7
968 130 0
968 487 9
968 577 5
968 23 0
968 5 7
969 383 5
969 495 8
969 828 2
969 288 0
969 882 0
969 377 9
969 115 5
969 952 3
969 431 6
969 401 6
970 739 7
970 483 4
970 11 3
970 897 2
970 39 5
970 854 7
970 296 10
970 372 0
970 556 2
970 304 2
971 178 6
971 823 4
971 689 4
971 326 10
971 804 0
971 712 9
971 814 3
971 321 10
971 471 10
971 642 2
972 83 9
972 225 10
972 212 5
972 388 10
972 68 8
972 861 3
972 654 3
972 111 4
972 924 6
972 74 10
973 450 1
973 11 2
973 57 9
973 501 7
973 462 10
973 837 1
973 807 1
973 355 1
973 75 9
973 238 6
974 49 4
974 419 9
974 233 10
974 154 6
974 839 3
974 152 4
974 315 5
974 5 7
974 829 1
974 181 0
975 291 2
975 73 1
975 824 10
975 376 10
975 9 8
975 69 4
975 888 1
975 309 9
975 234 9
975 986 5
976 534 6
976 658 0
976 179 8
976 723 4
976 313 1
976 686 9
976 886 10
976 787 5
976 880 8
976 431 8
977 73 7
977 987 2
977 861 5
977 410 10
977 390 6
977 906 4
977 102 10
977 706 2
977 4 7
977 765 9
978 440 8
978 170 5
978 270 4
978 868 2
978 888 1
978 977 8
978 326 4
978 506 8
978 407 8
978 255 8
979 509 8
979 514 8
979 257 3
979 327 10
979 140 3
979 990 8
979 69 6
979 181 3
979 573 4
979 484 6
980 7 7
980 523 8
980 589 0
980 110 7
980 915 5
980 177 8
980 885 5
980 531 4
980 320 6
980 112 7
981 702 1
981 691 4
981 460 0
981 990 4
981 104 2
981 472 4
981 269 8
981 468 3
981 105 6
981 263 8
982 352 0
982 740 6
982 82 6
982 548 7
982 373 3
982 775 6
982 363 9
982 502 6
982 51 7
982 390 6
983 285 5
983 741 10
983 88 2
983 700 8
983 293 0
983 375 2
983 55 8
983 201 2
983 149 2
983 198 7
984 631 5
984 455 0
984 381 10
984 540 9
984 55 10
984 637 2
984 188 2
984 30 3
984 58 0
984 910 2
985 476 8
985 417 6
985 451 3
985 454 9
985 986 2
985 57 8
985 825 0
985 683 9
985 270 2
985 531 0
986 964 9
986 980 2
986 656 0
986 771 10
986 568 6
986 782 6
986 122 4
986 915 8
986 87 4
986 793 0
987 360 1
987 973 0
987 311 3
987 768 0
987 898 0
987 588 9
987 810 9
987 472 2
987 440 7
987 267 10
988 478 0
988 830 6
988 239 7
988 342 7
988 503 10
988 836 2
988 250 8
988 310 6
988 969 1
988 6 6
989 45 5
989 749 7
989 98 6
989 743 2
989 529 7
989 233 6
989 315 4
989 631 5
989 746 10
989 278 2
990 202 0
990 585 9
990 644 9
990 689 9
990 174 7
990 311 3
990 607 3
990 608 7
990 356 8
990 966 10
991 628 8
991 88 1
991 484 7
991 391 2
991 342 5
991 186 6
991 733 2
991 560 3
991 449 3
991 359 10
992 378 6
992 571 6
992 117 4
992 254 5
992 193 10
992 669 9
992 52 1
992 297 9
992 12 2
992 956 1
993 485 2
993 530 9
993 578 2
993 481 8
993 892 0
993 197 0
993 916 10
993 22 8
993 818 0
993 20 8
994 874 3
994 718 0
994 161 8
994 324 8
994 450 3
994 662 3
994 384 8
994 860 7
994 15 10
994 480 9
995 326 10
995 224 6
995 165 2
995 763 1
995 887 10
995 627 9
995 369 2
995 961 4
995 396 0
995 973 6
996 207 0
996 773 6
996 779 7
996 440 9
996 566 0
996 742 3
996 22 9
996 85 10
996 769 8
996 759 10
997 418 9
997 946 3
997 18 8
997 929 4
997 624 9
997 342 3
997 434 6
997 602 2
997 220 0
997 710 2
998 654 6
998 74 2
998 791 3
998 155 4
998 979 5
998 434 10
998 816 1
998 985 6
998 703 7
998 884 10
999 898 9
999 545 8
999 882 8
999 877 10
999 452 2
999 783 3
999 52 9
999 160 0
999 564 6
999 708 4
1000 337 1
1000 752 9
1000 971 9
1000 512 3
1000 266 7
1000 594 6
1000 873 0
1000 23 8
1000 917 4
1000 800 6
